,puma,Total_geo,Total_geo_m,Total_geo_f,Total_Avg_PINCP_mf_t,Total_Avg_PINCP_m,Total_Avg_PINCP_f,Total_BABS,Total_BABS_m,Total_BABS_f,BABS_Avg_PINCP_mf_t,BABS_Avg_PINCP_m,BABS_Avg_PINCP_f,Total_HS,Total_HS_m,Total_HS_f,HS_Avg_PINCP_mf_t,HS_Avg_PINCP_m,HS_Avg_PINCP_f,Total_HSINC,Total_HSINC_m,Total_HSINC_f,HSINC_Avg_PINCP_mf_t,HSINC_Avg_PINCP_m,HSINC_Avg_PINCP_f
0,Total Geo,267365,158604,108761,82902.59903502703,93638.89496481804,67246.07252599737,154374,81366,73008,105345.17475740734,129290.93459184426,78658.08985316678,96805,64879,31926,51822.86548215485,55561.42701028068,44225.4798596755,16186,12359,3827,54737.7295193377,58811.17323408043,41582.85863600732
1,"NYC-Manhattan Community District 6--Murray Hill, Gramercy & Stuyvesant Town PUMA",1224,494,730,95180.22875816993,103663.56275303644,89439.45205479451,1224,494,730,95180.22875816993,103663.56275303644,89439.45205479451,0,0,0,#DIV/0!,0.0,0.0,0,0,0,#DIV/0!,0.0,0.0
2,Tompkins County PUMA,922,520,402,132609.4360086768,205819.23076923078,37910.199004975126,922,520,402,132609.4360086768,205819.23076923078,37910.199004975126,0,0,0,#DIV/0!,0.0,0.0,0,0,0,#DIV/0!,0.0,0.0
3,Westchester County (South Central)--New Rochelle & Mount Vernon Cities PUMA,2640,2170,470,156517.14772727274,147113.94930875575,199931.914893617,891,569,322,325704.8260381594,354859.40246045694,274186.3354037267,1661,1601,60,71933.9373871162,73280.6183635228,36000.0,88,0,88,40000.0,0.0,40000.0
4,"NYC-Queens Community District 7--Flushing, Murray Hill & Whitestone PUMA",2648,2066,582,50946.525679758306,53662.53630203292,41305.154639175256,826,626,200,67629.53995157385,67006.38977635783,69580.0,1220,924,296,34362.62295081967,37299.5670995671,25194.594594594593,602,516,86,61664.45182724253,66775.19379844962,31000.0
5,Madison & Cortland Counties PUMA,383,173,210,166204.96083550915,341419.0751445087,21861.904761904763,297,173,124,213173.40067340067,341419.0751445087,34250.0,86,0,86,4000.0,0.0,4000.0,0,0,0,#DIV/0!,0.0,0.0
6,NYC-Brooklyn Community District 5--East New York & Starrett City PUMA,34,34,0,71000.0,71000.0,0.0,0,0,0,#DIV/0!,0.0,0.0,34,34,0,71000.0,71000.0,0.0,0,0,0,#DIV/0!,0.0,0.0
7,Dutchess County (Southwest) PUMA,354,310,44,31384.18079096045,20935.483870967742,105000.0,44,0,44,105000.0,0.0,105000.0,310,310,0,20935.483870967742,20935.483870967742,0.0,0,0,0,#DIV/0!,0.0,0.0
8,"NYC-Bronx Community District 3 & 6--Belmont, Crotona Park East & East Tremont PUMA",853,634,219,54479.484173505276,50173.50157728707,66945.20547945205,117,0,117,73000.0,0.0,73000.0,736,634,102,51535.32608695652,50173.50157728707,60000.0,0,0,0,#DIV/0!,0.0,0.0
9,Dutchess County (North & East) PUMA,795,424,371,73091.82389937107,100297.16981132075,42000.0,62,62,0,57000.0,57000.0,0.0,733,362,371,74452.93315143247,107712.70718232045,42000.0,0,0,0,#DIV/0!,0.0,0.0
10,Erie County (Central) PUMA,1463,507,956,37072.686261107316,25093.88560157791,43425.460251046024,401,0,401,62015.56109725686,0.0,62015.56109725686,935,445,490,26704.919786096256,21623.8202247191,31319.38775510204,127,62,65,34645.669291338585,50000.0,20000.0
11,Suffolk County (West Central)--Babylon Town (Northwest) PUMA,1377,758,619,71405.80973129993,86341.42480211082,53116.31663974152,764,411,353,85994.50261780104,105744.03892944039,63000.0,379,225,154,58168.8654353562,70604.44444444444,40000.0,234,122,112,45213.67521367521,50000.0,40000.0
12,"Otsego, Schoharie, Oneida (South) & Herkimer (South) Counties PUMA",362,170,192,171901.65745856354,55672.94117647059,274812.5,131,47,84,408687.0229007634,90000.0,587000.0,28,28,0,12800.0,12800.0,0.0,203,95,108,41044.33497536946,51326.31578947369,32000.0
13,NYC-Brooklyn Community District 7--Sunset Park & Windsor Terrace PUMA,2804,1836,968,57109.5577746077,61997.05882352941,47839.46280991736,1996,1421,575,60048.947895791585,71076.07318789585,32797.565217391304,808,415,393,49848.39108910891,30909.63855421687,69847.3282442748,0,0,0,#DIV/0!,0.0,0.0
14,Westchester County (Northeast) PUMA,1740,1217,523,108611.6091954023,120641.08463434676,80619.50286806883,1285,762,523,133522.9571984436,169833.33333333334,80619.50286806883,379,379,0,31892.348284960422,31892.348284960422,0.0,76,76,0,70000.0,70000.0,0.0
15,Nassau County (East Central)--Oyster Bay Town (Central) PUMA,881,405,476,103196.67763904654,92813.01975308642,112031.51260504202,662,186,476,113324.77341389727,116634.40860215054,112031.51260504202,219,219,0,72581.15525114155,72581.15525114155,0.0,0,0,0,#DIV/0!,0.0,0.0
16,Niagara County (Southwest)--Greater Niagara Falls & North Tonawanda Area PUMA,0,0,0,#DIV/0!,0.0,0.0,0,0,0,#DIV/0!,0.0,0.0,0,0,0,#DIV/0!,0.0,0.0,0,0,0,#DIV/0!,0.0,0.0
17,Nassau County (Central)--Hempstead Town (East Central) PUMA,1035,787,248,81203.2850241546,93597.2045743329,41872.58064516129,367,296,71,132201.6348773842,150000.0,58000.0,606,429,177,55761.38613861386,64160.83916083916,35403.38983050847,62,62,0,28000.0,28000.0,0.0
18,Niagara County (North & East) PUMA,0,0,0,#DIV/0!,0.0,0.0,0,0,0,#DIV/0!,0.0,0.0,0,0,0,#DIV/0!,0.0,0.0,0,0,0,#DIV/0!,0.0,0.0
19,"NYC-Queens Community District 13--Queens Village, Cambria Heights & Rosedale PUMA",1115,984,131,51988.340807174885,55216.46341463415,27740.458015267177,426,353,73,33476.525821596246,36677.05382436261,18000.0,455,455,0,68375.82417582418,68375.82417582418,0.0,234,176,58,53824.78632478633,58380.681818181816,40000.0
20,"Chenango, Delaware & Broome (East) Counties PUMA",26,26,0,100000.0,100000.0,0.0,26,26,0,100000.0,100000.0,0.0,0,0,0,#DIV/0!,0.0,0.0,0,0,0,#DIV/0!,0.0,0.0
21,Oswego County PUMA,346,0,346,57633.23699421965,0.0,57633.23699421965,346,0,346,57633.23699421965,0.0,57633.23699421965,0,0,0,#DIV/0!,0.0,0.0,0,0,0,#DIV/0!,0.0,0.0
22,"NYC-Brooklyn Community District 9--Crown Heights South, Prospect Lefferts & Wingate PUMA",722,508,214,73945.98337950138,84523.62204724409,48836.44859813084,411,197,214,44615.57177615572,40030.456852791875,48836.44859813084,311,311,0,112707.39549839229,112707.39549839229,0.0,0,0,0,#DIV/0!,0.0,0.0
23,NYC-Queens Community District 10--Howard Beach & Ozone Park PUMA,3204,1971,1233,68476.24843945069,80411.9228817859,49396.59367396594,2055,1232,823,76505.0608272506,89748.29545454546,56680.43742405832,951,577,374,50544.689800210304,60031.195840554596,35909.09090909091,198,162,36,71272.72727272728,82000.0,23000.0
24,Ontario & Yates Counties PUMA,265,177,88,410182.641509434,599200.0,30000.0,177,177,0,599200.0,599200.0,0.0,0,0,0,#DIV/0!,0.0,0.0,88,0,88,30000.0,0.0,30000.0
25,"NYC-Bronx Community District 8--Riverdale, Fieldston & Kingsbridge PUMA",996,770,226,72673.5642570281,80228.98701298701,46931.63716814159,772,546,226,84429.4689119171,99950.54945054946,46931.63716814159,224,224,0,32157.678571428572,32157.678571428572,0.0,0,0,0,#DIV/0!,0.0,0.0
26,Erie County (Northwest) PUMA,639,492,147,37870.86071987481,31330.243902439026,59761.90476190476,187,187,0,12308.449197860962,12308.449197860962,0.0,382,305,77,51460.20942408377,42992.7868852459,85000.0,70,0,70,32000.0,0.0,32000.0
27,NYC-Brooklyn Community District 14--Flatbush & Midwood PUMA,6262,3038,3224,48942.733950814436,60479.98683344306,38071.09181141439,3253,1239,2014,45584.826314171536,66805.00403551251,32530.307845084408,2642,1564,1078,48411.79409538228,50254.98721227622,45737.62523191095,367,235,132,82528.61035422343,95182.97872340426,60000.0
28,"Rockland County (West)--Spring Valley, Suffern Villages & Monsey PUMA",1434,1258,176,53751.11576011158,53681.31955484897,54250.0,355,278,77,83847.88732394367,92669.06474820143,52000.0,783,783,0,41857.08812260536,41857.08812260536,0.0,296,197,99,49118.24324324324,45659.89847715736,56000.0
29,"NYC-Manhattan Community District 1 & 2--Battery Park City, Greenwich Village & Soho PUMA",6309,4001,2308,178741.52797590743,205287.77805548612,132722.6603119584,6183,4001,2182,181365.08167556202,205287.77805548612,137499.4958753437,126,0,126,50000.0,0.0,50000.0,0,0,0,#DIV/0!,0.0,0.0
30,"NYC-Bronx Community District 4--Concourse, Highbridge & Mount Eden PUMA",194,194,0,35000.0,35000.0,0.0,0,0,0,#DIV/0!,0.0,0.0,194,194,0,35000.0,35000.0,0.0,0,0,0,#DIV/0!,0.0,0.0
31,NYC-Queens Community District 1--Astoria & Long Island City PUMA,10420,6017,4403,50986.87619961612,43333.39704171514,61445.87781058369,5090,2214,2876,57651.424361493126,39691.9376693767,71476.98191933241,4848,3321,1527,46317.4504950495,48048.358928033726,42552.97969875573,482,482,0,27573.651452282156,27573.651452282156,0.0
32,Erie County (West Central)--Buffalo City (West) PUMA,626,296,330,58115.015974440896,85506.75675675676,33545.454545454544,405,75,330,30000.0,14400.0,33545.454545454544,221,221,0,109638.00904977375,109638.00904977375,0.0,0,0,0,#DIV/0!,0.0,0.0
33,Schenectady County--Schenectady City PUMA,1153,832,321,72649.26279271465,83213.94230769231,45266.666666666664,620,409,211,67707.41935483871,74801.95599022004,53955.450236966826,533,423,110,78397.74859287054,91347.51773049646,28600.0,0,0,0,#DIV/0!,0.0,0.0
34,NYC-Brooklyn Community District 2--Brooklyn Heights & Fort Greene PUMA,1625,1304,321,198276.8,212066.87116564417,142257.32087227414,1425,1104,321,217013.7403508772,238749.98188405798,142257.32087227414,200,200,0,64776.1,64776.1,0.0,0,0,0,#DIV/0!,0.0,0.0
35,"Steuben (North & West), Schuyler & Chemung (North) Counties PUMA",31,0,31,55000.0,0.0,55000.0,0,0,0,#DIV/0!,0.0,0.0,31,0,31,55000.0,0.0,55000.0,0,0,0,#DIV/0!,0.0,0.0
36,NYC-Brooklyn Community District 1--Greenpoint & Williamsburg PUMA,4026,2825,1201,76526.08544461004,80351.8796460177,67527.02747710241,1940,1027,913,85012.13402061856,102372.52190847127,65484.07447973713,1473,1185,288,83832.31500339444,86221.0970464135,74003.47222222222,613,613,0,32113.344208809136,32113.344208809136,0.0
37,Suffolk County (Northwest)--Huntington Town (North) PUMA,413,266,147,116440.67796610169,48270.67669172932,239795.91836734695,413,266,147,116440.67796610169,48270.67669172932,239795.91836734695,0,0,0,#DIV/0!,0.0,0.0,0,0,0,#DIV/0!,0.0,0.0
38,Erie County (Northeast) PUMA,214,214,0,174999.5327102804,174999.5327102804,0.0,63,63,0,506000.0,506000.0,0.0,151,151,0,36900.0,36900.0,0.0,0,0,0,#DIV/0!,0.0,0.0
39,Monroe County (North & West) PUMA,365,68,297,59159.78082191781,100490.0,49696.969696969696,102,0,102,50000.0,0.0,50000.0,263,68,195,62712.243346007606,100490.0,49538.46153846154,0,0,0,#DIV/0!,0.0,0.0
40,Oneida County (Central)--Greater Utica & Rome Cities PUMA,2015,923,1092,34940.19851116625,37748.86240520043,32566.20879120879,730,279,451,38279.04109589041,44316.12903225807,34544.34589800444,1046,525,521,31729.349904397706,32104.761904761905,31351.0556621881,239,119,120,38794.56066945607,47252.100840336134,30407.5
41,"NYC-Brooklyn Community District 12--Borough Park, Kensington & Ocean Parkway PUMA",3579,2164,1415,65295.69712210115,81806.8853974122,40044.66431095406,2023,1098,925,80117.64705882352,110725.86520947177,43784.86486486487,1134,688,446,29507.231040564373,27746.802325581397,32222.86995515695,422,378,44,90412.55924170616,96199.20634920635,40700.0
42,Erie County (West Central)--Buffalo City (East) PUMA,468,468,0,23597.008547008547,23597.008547008547,0.0,53,53,0,75000.0,75000.0,0.0,369,369,0,13171.815718157182,13171.815718157182,0.0,46,46,0,48000.0,48000.0,0.0
43,Suffolk County (Northwest)--Smithtown Town PUMA,301,228,73,172652.22591362125,199280.70175438595,89483.83561643836,74,50,24,449544.86486486485,617000.0,100680.0,227,178,49,82387.66519823788,81943.82022471911,84000.0,0,0,0,#DIV/0!,0.0,0.0
44,Nassau County (Northeast)--Oyster Bay Town (North) & Glen Cove City PUMA,2628,1325,1303,146819.9505327245,229498.11320754717,62745.84036838066,1471,650,821,188698.72875594834,322663.07692307694,82636.82095006091,536,300,236,44236.94029850746,45370.0,42796.61016949153,621,375,246,136161.0305958132,215314.66666666666,15500.0
45,NYC-Manhattan Community District 8--Upper East Side PUMA,8812,4280,4532,145968.54062641851,205304.2710280374,89932.1491615181,8676,4280,4396,148099.90548639925,205304.2710280374,92405.02729754322,136,0,136,10000.0,0.0,10000.0,0,0,0,#DIV/0!,0.0,0.0
46,Suffolk County (Southwest)--Islip Town (South) PUMA,585,346,239,96955.21367521367,126849.71098265896,53676.987447698746,276,276,0,140000.0,140000.0,0.0,0,0,0,#DIV/0!,0.0,0.0,309,70,239,58507.44336569579,75000.0,53676.987447698746
47,"NYC-Brooklyn Community District 6--Park Slope, Carroll Gardens & Red Hook PUMA",4028,2579,1449,107782.3609731877,130485.0523458705,67375.01725327813,3277,2097,1180,121245.3310955142,148945.61278016213,72018.64406779662,751,482,269,49036.48468708389,50170.1244813278,47005.204460966546,0,0,0,#DIV/0!,0.0,0.0
48,Erie County (South) PUMA,548,338,210,50148.57664233576,61599.17159763313,31718.571428571428,432,222,210,43470.13888888889,54586.48648648649,31718.571428571428,116,116,0,75020.0,75020.0,0.0,0,0,0,#DIV/0!,0.0,0.0
49,Albany County (Outside Albany City) PUMA,1356,934,422,78441.66666666667,87080.19271948608,59322.27488151659,890,535,355,95637.0786516854,116061.68224299066,64856.33802816901,340,273,67,49529.117647058825,54321.97802197802,30000.0,126,126,0,35000.0,35000.0,0.0
50,NYC-Staten Island Community District 2--New Springville & South Beach PUMA,6845,4370,2475,54522.074506939374,59069.70251716247,46492.52525252525,3288,1933,1355,55902.676399026765,60136.57527159855,49862.73062730627,2901,2007,894,57928.50741123751,63177.67812655705,46144.29530201342,656,430,226,32538.10975609756,35100.0,27663.716814159292
51,Erie County (North Central) PUMA,1197,362,835,62584.33082706767,43276.243093922654,70955.02275449102,1019,290,729,68464.61629048086,42848.275862068964,78654.93004115226,178,72,106,28921.34831460674,45000.0,18000.0,0,0,0,#DIV/0!,0.0,0.0
52,"NYC-Staten Island Community District 3--Tottenville, Great Kills & Annadale PUMA",9556,5702,3854,73190.22394307241,77187.74815854087,67275.87960560457,5165,2793,2372,77613.0261374637,82774.09237379162,71535.93591905564,4302,2820,1482,67635.8670385867,71408.33333333333,60457.48987854251,89,89,0,85000.0,85000.0,0.0
53,"NYC-Manhattan Community District 12--Washington Heights, Inwood & Marble Hill PUMA",2016,953,1063,51787.569444444445,57546.421825813224,46624.647224835375,1505,591,914,50766.604651162794,52980.9475465313,49334.792122538296,511,362,149,54794.520547945205,65000.0,30000.0,0,0,0,#DIV/0!,0.0,0.0
54,NYC-Manhattan Community District 7--Upper West Side & West Side PUMA,5844,2903,2941,185532.5325119781,253681.06097140888,118264.53587215232,4241,2157,2084,233715.39731195473,316256.83820120536,148282.62955854126,1488,631,857,58138.521505376346,75618.25673534074,45268.3780630105,115,115,0,57000.0,57000.0,0.0
55,"NYC-Queens Community District 5--Ridgewood, Glendale & Middle Village PUMA",12057,7651,4406,59978.64974703492,64970.99725526075,51309.45982750794,4054,1591,2463,67267.68130241736,70886.10936517913,64930.32074705644,7272,5409,1863,56854.01540154016,64449.491588093915,34801.44927536232,731,651,80,50638.85088919289,54847.92626728111,16387.5
56,"NYC-Brooklyn Community District 15--Sheepshead Bay, Gerritsen Beach & Homecrest PUMA",14971,7614,7357,71706.07307461092,82425.51352771212,60612.17344026097,9763,4428,5335,85505.77896138481,107828.31074977416,66978.28678537958,4778,2789,1989,45154.039347007114,46359.4119756185,43463.85118149824,430,397,33,53424.88372093023,52462.72040302267,65000.0
57,"NYC-Queens Community District 12--Jamaica, Hollis & St. Albans PUMA",240,92,148,17640.0,24782.608695652172,13200.0,0,0,0,#DIV/0!,0.0,0.0,240,92,148,17640.0,24782.608695652172,13200.0,0,0,0,#DIV/0!,0.0,0.0
58,Suffolk County (North Central)--Brookhaven Town (North) PUMA,1488,918,570,145298.05107526883,157199.89106753812,126129.82456140351,1373,918,455,154955.20757465405,157199.89106753812,150426.37362637362,115,0,115,30000.0,0.0,30000.0,0,0,0,#DIV/0!,0.0,0.0
59,Albany County (East Central)--Albany City PUMA,388,50,338,103322.1649484536,14000.0,116535.50295857988,79,0,79,56000.0,0.0,56000.0,309,50,259,115420.71197411003,14000.0,135000.0,0,0,0,#DIV/0!,0.0,0.0
60,NYC-Manhattan Community District 3--Chinatown & Lower East Side PUMA,1923,1028,895,138606.96827873116,175917.50972762646,95751.95530726257,1600,893,707,150163.25,192299.21612541995,96942.00848656295,323,135,188,81362.22910216718,67555.55555555556,91276.59574468085,0,0,0,#DIV/0!,0.0,0.0
61,Rensselaer County--Troy City PUMA,631,631,0,80891.9175911252,80891.9175911252,0.0,182,182,0,73224.17582417582,73224.17582417582,0.0,449,449,0,84000.0,84000.0,0.0,0,0,0,#DIV/0!,0.0,0.0
62,Warren & Washington Counties PUMA,530,256,274,33836.22641509434,51207.03125,17606.569343065694,290,117,173,33155.1724137931,60000.0,15000.0,176,75,101,39989.77272727273,64120.0,22071.287128712873,64,64,0,20000.0,20000.0,0.0
63,Orange County (Northeast)--Greater Newburgh City PUMA,498,360,138,62134.53815261044,71308.33333333333,38202.89855072464,210,145,65,65385.71428571428,62868.96551724138,71000.0,73,0,73,9000.0,0.0,9000.0,215,215,0,77000.0,77000.0,0.0
64,"Rockland County (South)--Orangetown, Clarkstown (South) & Ramapo (Southeast) Towns PUMA",445,79,366,55015.730337078654,130000.0,38830.60109289618,179,0,179,36703.91061452514,0.0,36703.91061452514,187,0,187,40866.310160427805,0.0,40866.310160427805,79,79,0,130000.0,130000.0,0.0
65,Fulton & Montgomery Counties PUMA,127,0,127,26000.0,0.0,26000.0,0,0,0,#DIV/0!,0.0,0.0,127,0,127,26000.0,0.0,26000.0,0,0,0,#DIV/0!,0.0,0.0
66,NYC-Brooklyn Community District 11--Bensonhurst & Bath Beach PUMA,10524,5705,4819,54398.631698973775,53531.384750219106,55425.3268312928,6810,3488,3322,60626.27753303965,65239.09116972477,55782.96207104154,3094,1724,1370,41761.0698125404,30359.976798143853,56108.13868613139,620,493,127,49060.48387096774,51728.19472616633,38704.72440944882
67,Monroe County (Central)--Rochester City (East) PUMA,0,0,0,#DIV/0!,0.0,0.0,0,0,0,#DIV/0!,0.0,0.0,0,0,0,#DIV/0!,0.0,0.0,0,0,0,#DIV/0!,0.0,0.0
68,Chautauqua County PUMA,271,203,68,26442.066420664207,28600.0,20000.0,68,0,68,20000.0,0.0,20000.0,203,203,0,28600.0,28600.0,0.0,0,0,0,#DIV/0!,0.0,0.0
69,Nassau County (Northwest)--North Hempstead Town (North) PUMA,2745,1495,1250,130188.48087431694,187013.4314381271,62225.84,1396,602,794,153938.9541547278,263650.29900332226,70757.3047858942,1291,855,436,108744.0743609605,138974.9707602339,49461.00917431193,58,38,20,35862.06896551724,53789.47368421053,1800.0
70,"Clinton, Franklin, Essex & Hamilton Counties PUMA",272,107,165,43636.029411764706,59794.392523364484,33157.57575757576,63,38,25,57412.69841269841,79000.0,24600.0,117,24,93,37538.46153846154,59000.0,32000.0,92,45,47,41956.52173913043,44000.0,40000.0
71,NYC-Queens Community District 6--Forest Hills & Rego Park PUMA,5931,3678,2253,88387.60748609004,98614.08374116367,71692.98712827341,3531,2192,1339,117195.49702633815,139786.0401459854,80213.81628080657,2090,1176,914,49267.75119617225,41540.47619047619,59210.06564551422,310,310,0,24000.0,24000.0,0.0
72,Monroe County (Central)--Rochester City (West) PUMA,0,0,0,#DIV/0!,0.0,0.0,0,0,0,#DIV/0!,0.0,0.0,0,0,0,#DIV/0!,0.0,0.0,0,0,0,#DIV/0!,0.0,0.0
73,Orange County (Southeast) PUMA,904,581,323,77961.47123893806,95523.52839931153,46371.517027863774,390,351,39,89925.64102564103,99472.93447293447,4000.0,475,191,284,61402.46315789474,75100.3664921466,52190.140845070426,39,39,0,160000.0,160000.0,0.0
74,Rockland County (North)--New City & Congers PUMA,383,301,82,82757.18015665797,77242.52491694353,103000.0,187,105,82,82224.59893048128,66000.0,103000.0,196,196,0,83265.30612244898,83265.30612244898,0.0,0,0,0,#DIV/0!,0.0,0.0
75,Westchester County (Southeast) PUMA,3492,2504,988,117716.15979381443,117333.3785942492,118686.28542510122,2860,2075,785,129800.26223776223,124927.421686747,142680.70063694267,354,354,0,83272.25988700565,83272.25988700565,0.0,278,75,203,37257.91366906475,68000.0,25900.0
76,"NYC-Manhattan Community District 9--Hamilton Heights, Manhattanville & West Harlem PUMA",1769,575,1194,97303.91181458451,50448.90434782609,119868.09045226131,973,199,774,152476.87564234328,81819.09547738693,170643.4108527132,796,376,420,29862.587939698493,33846.063829787236,26296.428571428572,0,0,0,#DIV/0!,0.0,0.0
77,Nassau County (Southwest)--Hempstead Town (Southwest) & Long Beach City PUMA,886,336,550,118931.15124153499,222741.07142857142,55512.72727272727,568,178,390,141077.46478873238,320000.0,59415.38461538462,303,143,160,67313.53135313532,91160.83916083915,46000.0,15,15,0,323000.0,323000.0,0.0
78,NYC-Queens Community District 2--Sunnyside & Woodside PUMA,4237,2811,1426,83901.94005192354,87052.47954464603,77691.4446002805,3018,1834,1184,101920.64943671305,113308.8985823337,84280.4054054054,992,924,68,41737.903225806454,38554.11255411255,85000.0,227,53,174,28599.11894273128,24000.0,30000.0
79,"NYC-Bronx Community District 11--Pelham Parkway, Morris Park & Laconia PUMA",3289,1946,1343,54969.38279112192,50876.10483042138,60900.521221146686,1135,500,635,81058.50220264317,78530.0,83049.44881889764,2028,1320,708,41753.895463510846,42139.318181818184,41035.31073446327,126,126,0,32666.666666666668,32666.666666666668,0.0
80,Onondaga County (Central)--Syracuse City (Outer) PUMA,1059,794,265,46280.8687440982,51276.37279596977,31313.20754716981,442,289,153,35681.990950226245,41887.33564013841,23960.78431372549,474,434,40,59426.16033755274,59373.27188940092,60000.0,143,71,72,35468.531468531466,40000.0,31000.0
81,Wayne & Seneca Counties PUMA,0,0,0,#DIV/0!,0.0,0.0,0,0,0,#DIV/0!,0.0,0.0,0,0,0,#DIV/0!,0.0,0.0,0,0,0,#DIV/0!,0.0,0.0
82,"NYC-Bronx Community District 7--Bedford Park, Fordham North & Norwood PUMA",716,716,0,23950.27932960894,23950.27932960894,0.0,283,283,0,5800.0,5800.0,0.0,268,268,0,24000.0,24000.0,0.0,165,165,0,55000.0,55000.0,0.0
83,Nassau County (West Central)--Hempstead Town (Northwest) PUMA,940,853,87,260718.085106383,283739.7420867526,35000.0,474,474,0,465139.2405063291,465139.2405063291,0.0,466,379,87,52787.55364806867,56870.71240105541,35000.0,0,0,0,#DIV/0!,0.0,0.0
84,NYC-Brooklyn Community District 18--Canarsie & Flatlands PUMA,3216,1571,1645,70291.39925373135,83519.1852323361,57658.66261398176,1546,628,918,92768.26649417852,108991.62420382166,81669.93464052287,1369,943,426,54756.683710737765,66555.56733828208,28638.49765258216,301,0,301,25500.0,0.0,25500.0
85,"NYC-Bronx Community District 12--Wakefield, Williamsbridge & Woodlawn PUMA",317,317,0,74047.31861198739,74047.31861198739,0.0,84,84,0,200000.0,200000.0,0.0,233,233,0,28639.48497854077,28639.48497854077,0.0,0,0,0,#DIV/0!,0.0,0.0
86,Suffolk County (South Central)--Brookhaven Town (South) PUMA,1015,947,68,51492.0197044335,50289.75712777191,68235.29411764706,216,180,36,47620.37037037037,49144.444444444445,40000.0,683,651,32,49233.38213762811,46737.94162826421,100000.0,116,116,0,72000.0,72000.0,0.0
87,NYC-Queens Community District 4--Elmhurst & South Corona PUMA,1749,1051,698,34524.98570611778,23437.86869647954,51219.19770773639,880,267,613,40762.5,10000.0,54161.500815660685,869,784,85,28208.515535097813,28014.285714285714,30000.0,0,0,0,#DIV/0!,0.0,0.0
88,Livingston & Wyoming Counties PUMA,132,63,69,50738.71212121212,53968.25396825397,47790.0,20,20,0,84000.0,84000.0,0.0,112,43,69,44799.19642857143,40000.0,47790.0,0,0,0,#DIV/0!,0.0,0.0
89,"NYC-Bronx Community District 10--Co-op City, Pelham Bay & Schuylerville PUMA",2033,1295,738,58810.91982292179,61982.23938223938,53246.07046070461,685,159,526,57145.98540145985,67000.0,54167.30038022814,1059,847,212,66296.1284230406,70134.59268004722,50960.377358490565,289,289,0,35328.71972318339,35328.71972318339,0.0
90,Cattaraugus & Allegany Counties PUMA,26,0,26,84320.0,0.0,84320.0,26,0,26,84320.0,0.0,84320.0,0,0,0,#DIV/0!,0.0,0.0,0,0,0,#DIV/0!,0.0,0.0
91,Herkimer (North & Central) & Oneida (Outer) Counties PUMA,302,179,123,56329.30463576159,78966.48044692738,23385.772357723577,161,161,0,85000.0,85000.0,0.0,141,18,123,23591.843971631206,25000.0,23385.772357723577,0,0,0,#DIV/0!,0.0,0.0
92,Orange County (Northwest) PUMA,949,627,322,64265.437302423605,64405.74162679426,63992.23602484472,417,169,248,68509.59232613909,90905.32544378698,53247.98387096774,388,314,74,55963.9175257732,45585.987261146496,100000.0,144,144,0,74343.05555555556,74343.05555555556,0.0
93,Columbia & Greene Counties PUMA,91,91,0,413428.5714285714,413428.5714285714,0.0,64,64,0,587000.0,587000.0,0.0,27,27,0,2000.0,2000.0,0.0,0,0,0,#DIV/0!,0.0,0.0
94,Suffolk County (East) PUMA,1728,1183,545,141660.64814814815,179923.07692307694,58606.605504587154,672,377,295,235116.07142857142,360458.88594164455,74932.20338983051,978,806,172,86510.83844580778,95478.90818858561,44486.04651162791,78,0,78,28000.0,0.0,28000.0
95,Monroe County (East) PUMA,1410,743,667,61289.92907801418,77103.6339165545,43674.36281859071,523,328,195,97531.54875717017,131201.21951219512,40897.4358974359,774,302,472,39471.317829457366,31109.27152317881,44821.61016949153,113,113,0,43000.0,43000.0,0.0
96,Sullivan & Ulster (West) Counties PUMA,1105,549,556,63439.85520361991,72577.48633879781,54417.26618705036,621,145,476,91768.11594202899,216303.44827586206,53831.93277310924,484,404,80,27093.057851239668,20992.673267326732,57900.0,0,0,0,#DIV/0!,0.0,0.0
97,Cayuga & Onondaga (South) Counties PUMA,0,0,0,#DIV/0!,0.0,0.0,0,0,0,#DIV/0!,0.0,0.0,0,0,0,#DIV/0!,0.0,0.0,0,0,0,#DIV/0!,0.0,0.0
98,"NYC-Bronx Community District 1 & 2--Hunts Point, Longwood & Melrose PUMA",0,0,0,#DIV/0!,0.0,0.0,0,0,0,#DIV/0!,0.0,0.0,0,0,0,#DIV/0!,0.0,0.0,0,0,0,#DIV/0!,0.0,0.0
99,Suffolk County (Southwest)--Babylon Town (Southeast) PUMA,1616,855,761,53057.17821782178,59894.0350877193,45375.82128777924,679,280,399,67567.01030927835,85125.0,55245.61403508772,552,291,261,35185.50724637681,31252.233676975946,39570.88122605364,385,284,101,53090.90909090909,64366.19718309859,21386.138613861385
100,Onondaga County (Central)--Syracuse City PUMA,717,578,139,61830.34867503487,66063.9446366782,44225.89928057554,497,452,45,81032.11267605633,81134.86725663717,80000.0,220,126,94,18451.81818181818,12000.0,27100.0,0,0,0,#DIV/0!,0.0,0.0
101,Ulster County (East) PUMA,292,292,0,43698.6301369863,43698.6301369863,0.0,41,41,0,100000.0,100000.0,0.0,251,251,0,34501.99203187251,34501.99203187251,0.0,0,0,0,#DIV/0!,0.0,0.0
102,NYC-Queens Community District 9--Richmond Hill & Woodhaven PUMA,1924,1386,538,45429.62577962578,48491.919191919194,37540.520446096656,691,516,175,66808.97250361794,67822.09302325582,63821.71428571428,1233,870,363,33448.175182481755,37027.12643678161,24870.52341597796,0,0,0,#DIV/0!,0.0,0.0
103,NYC-Brooklyn Community District 13--Brighton Beach & Coney Island PUMA,9386,5343,4043,66590.84274451311,68510.09732360097,64054.46450655454,5449,2609,2840,81709.414571481,86606.97585281717,77210.21126760563,2947,1825,1122,50398.37122497455,60519.890410958906,33935.11586452763,990,909,81,31578.838383838385,32610.61606160616,20000.0
104,Broome County (West Central)--Greater Binghamton City & Greater Johnson City Village PUMA,1040,777,263,53767.71153846154,60633.74517374517,33482.889733840304,530,319,211,62034.75471698113,76766.20689655172,39763.03317535545,409,357,52,19537.897310513446,21218.48739495798,8000.0,101,101,0,149000.0,149000.0,0.0
105,Nassau County (South Central)--Hempstead Town (Southeast) PUMA,1455,848,607,107768.0412371134,120931.0141509434,89378.91268533772,758,341,417,136965.6992084433,195709.67741935485,88928.05755395684,697,507,190,76015.06456241033,70636.09467455621,90368.42105263157,0,0,0,#DIV/0!,0.0,0.0
106,Saratoga County (Outer) PUMA,251,124,127,66191.23505976096,50000.0,82000.0,127,0,127,82000.0,0.0,82000.0,124,124,0,50000.0,50000.0,0.0,0,0,0,#DIV/0!,0.0,0.0
107,"NYC-Manhattan Community District 4 & 5--Chelsea, Clinton & Midtown Business District PUMA",5102,3475,1627,103275.73500588005,102744.11510791368,104411.18623232943,4226,2659,1567,110854.56696639849,112645.50582925911,107815.57115507338,876,816,60,66713.92694063927,70479.6568627451,15500.0,0,0,0,#DIV/0!,0.0,0.0
108,NYC-Brooklyn Community District 4--Bushwick PUMA,553,207,346,47157.106690777575,65289.27536231884,36309.2485549133,186,0,186,27284.94623655914,0.0,27284.94623655914,367,207,160,57228.555858310625,65289.27536231884,46800.0,0,0,0,#DIV/0!,0.0,0.0
109,Suffolk County (Central)--Islip Town (East) PUMA,143,70,73,26604.895104895106,25150.0,28000.0,70,70,0,25150.0,25150.0,0.0,73,0,73,28000.0,0.0,28000.0,0,0,0,#DIV/0!,0.0,0.0
110,Westchester County (Southwest)--Yonkers City PUMA,3769,1835,1934,87741.61050676572,117902.90463215258,59124.25025853154,2082,992,1090,84641.08069164265,100567.36895161291,70146.69724770643,1433,722,711,74497.55757152826,109270.08310249308,39187.06047819972,254,121,133,187875.5905511811,311537.19008264464,75371.42857142857
111,Nassau County (West Central)--North Hempstead Town (South) PUMA,1893,909,984,86190.97728473322,83798.15181518153,88401.42276422764,1233,417,816,89827.34793187348,65772.47002398082,102120.09803921569,319,151,168,73408.77742946708,130863.5761589404,21767.85714285714,341,341,0,85000.0,85000.0,0.0
112,"NYC-Queens Community District 8--Briarwood, Fresh Meadows & Hillcrest PUMA",4251,2523,1728,63532.90990355211,66222.75069361871,59605.555555555555,2065,1023,1042,78104.01937046005,82235.5816226784,74047.79270633397,2007,1388,619,50657.49875435974,56079.9711815562,38498.54604200323,179,112,67,39798.882681564246,45660.71428571428,30000.0
113,Jefferson & Lewis Counties PUMA,163,0,163,21960.73619631902,0.0,21960.73619631902,0,0,0,#DIV/0!,0.0,0.0,163,0,163,21960.73619631902,0.0,21960.73619631902,0,0,0,#DIV/0!,0.0,0.0
114,Suffolk County (Central)--Brookhaven Town (West Central) PUMA,851,362,489,64240.56404230317,66903.31491712708,62269.36605316973,498,75,423,76211.4859437751,140000.0,64901.465721040186,353,287,66,47352.40793201133,47801.393728222996,45400.0,0,0,0,#DIV/0!,0.0,0.0
115,Suffolk County (Northwest)--Huntington Town (South) PUMA,679,539,140,52271.28129602356,55087.56957328386,41428.57142857143,147,67,80,163945.57823129251,300000.0,50000.0,459,399,60,18457.952069716775,16722.305764411027,30000.0,73,73,0,40000.0,40000.0,0.0
116,NYC-Brooklyn Community District 16--Brownsville & Ocean Hill PUMA,0,0,0,#DIV/0!,0.0,0.0,0,0,0,#DIV/0!,0.0,0.0,0,0,0,#DIV/0!,0.0,0.0,0,0,0,#DIV/0!,0.0,0.0
117,"NYC-Staten Island Community District 1--Port Richmond, Stapleton & Mariner's Harbor PUMA",3613,2402,1211,52948.32549128148,57454.28809325562,44010.81750619323,1677,1098,579,61431.12701252236,66279.5081967213,52236.78756476684,1726,1177,549,46529.72190034763,50622.175021240444,37755.91985428051,210,127,83,37961.90476190476,44472.44094488189,28000.0
118,Chemung (South) & Steuben (East) Counties--Greater Elmira & Greater Corning Cities PUMA,173,124,49,43841.04046242774,48125.0,33000.0,59,59,0,53000.0,53000.0,0.0,114,65,49,39100.87719298246,43700.0,33000.0,0,0,0,#DIV/0!,0.0,0.0
119,Monroe County (Central)--Greece & Gates Towns PUMA,920,462,458,42501.0,49861.2987012987,35076.4192139738,77,0,77,60000.0,0.0,60000.0,690,309,381,37994.0,47802.1359223301,30039.370078740158,153,153,0,54020.0,54020.0,0.0
120,NYC-Queens Community District 3--Jackson Heights & North Corona PUMA,2136,1573,563,59746.839887640446,63793.42021614749,48440.852575488454,1213,650,563,73577.28771640561,95349.30769230769,48440.852575488454,466,466,0,54935.622317596564,54935.622317596564,0.0,457,457,0,27943.107221006565,27943.107221006565,0.0
121,"NYC-Queens Community District 14--Far Rockaway, Breezy Point & Broad Channel PUMA",525,242,283,45231.42857142857,45016.52892561984,45415.194346289754,365,82,283,52510.95890410959,77000.0,45415.194346289754,160,160,0,28625.0,28625.0,0.0,0,0,0,#DIV/0!,0.0,0.0
122,NYC-Brooklyn Community District 10--Bay Ridge & Dyker Heights PUMA,7236,4696,2540,57519.10309563295,59770.534497444634,53356.61417322834,4082,2509,1573,76210.06859382655,83581.30729374253,64452.63827082009,2788,1821,967,33284.98206599713,32211.274025260846,35306.92864529473,366,366,0,33661.74863387978,33661.74863387978,0.0
123,Broome (Outer West) & Tioga Counties PUMA,271,168,103,100316.60516605167,156915.47619047618,8000.0,78,78,0,142000.0,142000.0,0.0,193,90,103,83470.46632124353,169842.22222222222,8000.0,0,0,0,#DIV/0!,0.0,0.0
124,Putnam County PUMA,1637,805,832,68026.38973732437,68603.9751552795,67467.54807692308,586,358,228,64807.508532423206,73651.3966480447,50921.05263157895,794,190,604,71206.5491183879,63236.84210526316,73713.5761589404,257,257,0,65540.85603112841,65540.85603112841,0.0
125,"NYC-Brooklyn Community District 17--East Flatbush, Farragut & Rugby PUMA",124,124,0,27200.0,27200.0,0.0,31,31,0,20000.0,20000.0,0.0,93,93,0,29600.0,29600.0,0.0,0,0,0,#DIV/0!,0.0,0.0
126,"NYC-Queens Community District 11--Bayside, Douglaston & Little Neck PUMA",3041,1594,1447,69347.8329496876,79489.05897114179,58176.36489288182,1162,700,462,83707.36660929432,85499.94285714286,80991.341991342,1780,832,948,61081.573033707864,75451.92307692308,48469.620253164554,99,62,37,49430.30303030303,65800.0,22000.0
127,Nassau County (Central)--Hempstead Town (Northeast) PUMA,1747,884,863,88951.34516313681,60734.1628959276,117855.15643105446,756,417,339,102731.48148148147,69568.34532374101,143525.07374631267,681,467,214,62251.101321585906,52845.824411134905,82775.70093457944,310,0,310,114000.0,0.0,114000.0
128,Suffolk County (Central)--Brookhaven Town (Central) PUMA,1666,1085,581,43609.21968787515,46962.89400921659,37346.333907056796,733,284,449,55871.705320600275,82675.14084507042,38918.0846325167,551,419,132,22865.69872958258,19988.066825775655,32000.0,382,382,0,50000.0,50000.0,0.0
129,NYC-Manhattan Community District 10--Central Harlem PUMA,1147,449,698,90894.85614646904,97254.78841870824,86803.72492836676,1147,449,698,90894.85614646904,97254.78841870824,86803.72492836676,0,0,0,#DIV/0!,0.0,0.0,0,0,0,#DIV/0!,0.0,0.0
130,"NYC-Bronx Community District 5--Morris Heights, Fordham South & Mount Hope PUMA",0,0,0,#DIV/0!,0.0,0.0,0,0,0,#DIV/0!,0.0,0.0,0,0,0,#DIV/0!,0.0,0.0,0,0,0,#DIV/0!,0.0,0.0
131,NYC-Manhattan Community District 11--East Harlem PUMA,1096,567,529,106957.11678832117,109095.23809523809,104665.40642722117,964,567,397,118042.53112033194,109095.23809523809,130821.15869017632,132,0,132,26000.0,0.0,26000.0,0,0,0,#DIV/0!,0.0,0.0
132,Westchester County (Northwest) PUMA,2208,1234,974,86981.45380434782,93946.51539708267,78157.13552361396,1456,834,622,101056.35302197802,109058.75299760191,90326.44694533762,752,400,352,59730.05319148936,62437.5,56653.40909090909,0,0,0,#DIV/0!,0.0,0.0
133,Onondaga County (North) PUMA,858,646,212,76837.99533799534,70877.70897832817,95000.0,713,501,212,77510.51893408135,70109.78043912175,95000.0,81,81,0,70000.0,70000.0,0.0,64,64,0,78000.0,78000.0,0.0
134,NYC-Brooklyn Community District 8--Crown Heights North & Prospect Heights PUMA,1037,608,429,93586.73481195758,117597.7697368421,59557.10955710956,663,234,429,135578.34690799395,274950.6153846154,59557.10955710956,211,211,0,24668.24644549763,24668.24644549763,0.0,163,163,0,12000.0,12000.0,0.0
135,NYC-Brooklyn Community District 3--Bedford-Stuyvesant PUMA,1559,1396,163,72463.75881975626,73601.71919770773,62717.79141104295,721,558,163,113582.52427184465,128440.86021505376,62717.79141104295,749,749,0,37690.25367156208,37690.25367156208,0.0,89,89,0,32000.0,32000.0,0.0
136,Genesee & Orleans Counties PUMA,27,0,27,42500.0,0.0,42500.0,27,0,27,42500.0,0.0,42500.0,0,0,0,#DIV/0!,0.0,0.0,0,0,0,#DIV/0!,0.0,0.0
137,Westchester County (Central)--White Plains City PUMA,2288,1081,1207,198613.8986013986,302379.83348751155,105680.19884009942,1835,897,938,236509.04632152588,356689.07469342253,121582.0895522388,453,184,269,45109.27152317881,37622.282608695656,50230.483271375466,0,0,0,#DIV/0!,0.0,0.0
138,Saratoga County (South & Central) PUMA,1024,227,797,53590.72265625,77947.13656387666,46653.57590966123,788,116,672,62947.84263959391,120000.0,53099.55357142857,236,111,125,22347.457627118645,34000.0,12000.0,0,0,0,#DIV/0!,0.0,0.0
139,Monroe County (South) PUMA,1398,1093,305,62775.22889842632,69482.86367795059,38737.70491803279,695,520,175,92176.64748201439,104976.48076923077,54142.857142857145,703,573,130,33708.39260312945,37272.25130890052,18000.0,0,0,0,#DIV/0!,0.0,0.0
140,Suffolk County (Central)--Islip Town (Northwest) PUMA,411,189,222,64778.58880778589,86878.30687830687,45963.963963963964,279,189,90,80530.46594982079,86878.30687830687,67200.0,132,0,132,31484.848484848484,0.0,31484.848484848484,0,0,0,#DIV/0!,0.0,0.0
141,St. Lawrence County PUMA,1016,208,808,112445.07874015748,200111.53846153847,89877.47524752475,934,160,774,120541.97002141328,255645.0,92613.69509043927,34,0,34,27588.235294117647,0.0,27588.235294117647,48,48,0,15000.0,15000.0,0.0
142,Nassau County (West Central)--Hempstead Town (West Central) PUMA,884,453,431,82445.47511312217,88176.15894039735,76422.27378190255,665,297,368,84587.66917293234,101191.24579124579,71187.5,156,156,0,63397.4358974359,63397.4358974359,0.0,63,0,63,107000.0,0.0,107000.0
143,Nassau County (Central)--Hempstead Town (North Central)--Meadowbrook Corridor PUMA,101,101,0,109200.0,109200.0,0.0,101,101,0,109200.0,109200.0,0.0,0,0,0,#DIV/0!,0.0,0.0,0,0,0,#DIV/0!,0.0,0.0
144,"NYC-Bronx Community District 9--Castle Hill, Clason Point & Parkchester PUMA",449,396,53,24677.06013363029,22626.262626262625,40000.0,0,0,0,#DIV/0!,0.0,0.0,243,190,53,32831.27572016461,30831.57894736842,40000.0,206,206,0,15058.252427184467,15058.252427184467,0.0
145,Nassau County (Southeast)--Oyster Bay Town (South) PUMA,221,153,68,49898.642533936654,49764.705882352944,50200.0,87,87,0,42000.0,42000.0,0.0,134,66,68,55026.86567164179,60000.0,50200.0,0,0,0,#DIV/0!,0.0,0.0
146,Capital Region,5424,3145,2279,75278.28171091445,88055.54848966614,57645.7656867047,3040,1423,1617,82909.96710526316,115616.16303583978,54127.705627705625,2194,1532,662,68629.48951686418,69662.46736292428,66238.97280966767,190,190,0,29947.36842105263,29947.36842105263,0.0
147,Central NY,3363,2191,1172,72217.78174249182,83866.22546782291,50441.55290102389,2295,1415,880,84776.9063180828,101038.09187279151,58629.65909090909,861,641,220,44415.098722415794,51404.05616224649,24051.81818181818,207,135,72,48618.3574879227,58014.81481481482,31000.0
148,Finger Lakes,4517,2606,1911,77798.5875581138,104589.56638526477,41264.1601255887,1621,1045,576,144156.48982109808,196516.9090909091,49162.32638888889,2542,1295,1247,40115.84972462628,41757.66795366795,38410.83400160385,354,266,88,44531.24293785311,49338.57142857143,30000.0
149,Long Island,27689,16295,11394,104238.56777059482,125771.1514575023,73443.98718623837,14732,7489,7243,137092.39275047515,185715.60154893843,86817.75369322104,9910,6928,2982,62631.56135216953,69321.84945150116,47088.195841716966,3047,1878,1169,80714.73580571053,94970.71352502663,57812.489307100084
150,Mid-Hudson,24933,15627,9306,102255.62467412667,115087.06661547322,80708.564367075,13501,7783,5718,135298.5208503074,161720.61287421302,99334.3476740119,9706,6641,3065,59839.54873274263,63554.98569492546,51789.23327895595,1726,1203,523,82312.57242178447,97859.85037406484,46550.8604206501
151,Mohawk Valley,2806,1272,1534,54506.895937277266,45944.654088050316,61606.747066492826,1022,487,535,93118.10176125244,62174.94866529774,121285.04672897197,1342,571,771,29937.220566318927,30934.15061295972,29198.897535667962,442,214,228,39827.82805429864,49060.7476635514,31161.842105263157
152,New York City,189267,112658,76609,78998.96074857212,87260.44811731079,66849.96201490687,112897,59634,53263,99075.89726919227,118577.63933326626,77241.47400634587,66634,44853,21781,50216.82774559534,53257.61465230865,43955.02088976631,9736,8171,1565,43177.550328677076,45351.22139273039,31828.626198083068
153,North Country,1451,315,1136,89381.66781529979,152448.25396825396,71894.01408450704,997,198,799,116552.85857572718,221743.43434343435,90485.60700876096,314,24,290,28374.52229299363,59000.0,25840.0,140,93,47,32714.285714285714,29032.25806451613,40000.0
154,Southern Tier,2463,1615,848,88209.34632561916,117069.79566563468,33245.16509433962,1615,1002,613,106468.92879256966,148021.37724550898,38547.96084828711,747,512,235,40513.11914323962,50197.8515625,19412.76595744681,101,101,0,149000.0,149000.0,0.0
155,Western NY,5452,2880,2572,50451.7798972854,50080.79861111111,50867.1866251944,2654,890,1764,63025.54031650339,71661.66292134831,58668.31292517007,2555,1882,673,38726.15264187867,39928.70350690754,35363.29866270431,243,108,135,36411.522633744855,49148.148148148146,26222.222222222223
