,puma,Total_geo,Total_geo_m,Total_geo_f,Total_Avg_PINCP_mf_t,Total_Avg_PINCP_m,Total_Avg_PINCP_f,Total_BABS,Total_BABS_m,Total_BABS_f,BABS_Avg_PINCP_mf_t,BABS_Avg_PINCP_m,BABS_Avg_PINCP_f,Total_HS,Total_HS_m,Total_HS_f,HS_Avg_PINCP_mf_t,HS_Avg_PINCP_m,HS_Avg_PINCP_f,Total_HSINC,Total_HSINC_m,Total_HSINC_f,HSINC_Avg_PINCP_mf_t,HSINC_Avg_PINCP_m,HSINC_Avg_PINCP_f
0,Total Geo,267365,158604,108761,82902.59903502703,93638,67246,154374,81366,73008,105345.17475740734,129290,78658,96805,64879,31926,51822.86548215485,55561,44225,16186,12359,3827,54737.7295193377,58811,41582
1,"NYC-Manhattan Community District 6--Murray Hill, Gramercy & Stuyvesant Town PUMA",1224,494,730,95180.22875816993,103663,89439,1224,494,730,95180.22875816993,103663,89439,0,0,0,#DIV/0!,0,0,0,0,0,#DIV/0!,0,0
2,Tompkins County PUMA,922,520,402,132609.4360086768,205819,37910,922,520,402,132609.4360086768,205819,37910,0,0,0,#DIV/0!,0,0,0,0,0,#DIV/0!,0,0
3,Westchester County (South Central)--New Rochelle & Mount Vernon Cities PUMA,2640,2170,470,156517.14772727274,147113,199931,891,569,322,325704.8260381594,354859,274186,1661,1601,60,71933.9373871162,73280,36000,88,0,88,40000.0,0,40000
4,"NYC-Queens Community District 7--Flushing, Murray Hill & Whitestone PUMA",2648,2066,582,50946.525679758306,53662,41305,826,626,200,67629.53995157385,67006,69580,1220,924,296,34362.62295081967,37299,25194,602,516,86,61664.45182724253,66775,31000
5,Madison & Cortland Counties PUMA,383,173,210,166204.96083550915,341419,21861,297,173,124,213173.40067340067,341419,34250,86,0,86,4000.0,0,4000,0,0,0,#DIV/0!,0,0
6,NYC-Brooklyn Community District 5--East New York & Starrett City PUMA,34,34,0,71000.0,71000,0,0,0,0,#DIV/0!,0,0,34,34,0,71000.0,71000,0,0,0,0,#DIV/0!,0,0
7,Dutchess County (Southwest) PUMA,354,310,44,31384.18079096045,20935,105000,44,0,44,105000.0,0,105000,310,310,0,20935.483870967742,20935,0,0,0,0,#DIV/0!,0,0
8,"NYC-Bronx Community District 3 & 6--Belmont, Crotona Park East & East Tremont PUMA",853,634,219,54479.484173505276,50173,66945,117,0,117,73000.0,0,73000,736,634,102,51535.32608695652,50173,60000,0,0,0,#DIV/0!,0,0
9,Dutchess County (North & East) PUMA,795,424,371,73091.82389937107,100297,42000,62,62,0,57000.0,57000,0,733,362,371,74452.93315143247,107712,42000,0,0,0,#DIV/0!,0,0
10,Erie County (Central) PUMA,1463,507,956,37072.686261107316,25093,43425,401,0,401,62015.56109725686,0,62015,935,445,490,26704.919786096256,21623,31319,127,62,65,34645.669291338585,50000,20000
11,Suffolk County (West Central)--Babylon Town (Northwest) PUMA,1377,758,619,71405.80973129993,86341,53116,764,411,353,85994.50261780104,105744,63000,379,225,154,58168.8654353562,70604,40000,234,122,112,45213.67521367521,50000,40000
12,"Otsego, Schoharie, Oneida (South) & Herkimer (South) Counties PUMA",362,170,192,171901.65745856354,55672,274812,131,47,84,408687.0229007634,90000,587000,28,28,0,12800.0,12800,0,203,95,108,41044.33497536946,51326,32000
13,NYC-Brooklyn Community District 7--Sunset Park & Windsor Terrace PUMA,2804,1836,968,57109.5577746077,61997,47839,1996,1421,575,60048.947895791585,71076,32797,808,415,393,49848.39108910891,30909,69847,0,0,0,#DIV/0!,0,0
14,Westchester County (Northeast) PUMA,1740,1217,523,108611.6091954023,120641,80619,1285,762,523,133522.9571984436,169833,80619,379,379,0,31892.348284960422,31892,0,76,76,0,70000.0,70000,0
15,Nassau County (East Central)--Oyster Bay Town (Central) PUMA,881,405,476,103196.67763904654,92813,112031,662,186,476,113324.77341389727,116634,112031,219,219,0,72581.15525114155,72581,0,0,0,0,#DIV/0!,0,0
16,Niagara County (Southwest)--Greater Niagara Falls & North Tonawanda Area PUMA,0,0,0,#DIV/0!,0,0,0,0,0,#DIV/0!,0,0,0,0,0,#DIV/0!,0,0,0,0,0,#DIV/0!,0,0
17,Nassau County (Central)--Hempstead Town (East Central) PUMA,1035,787,248,81203.2850241546,93597,41872,367,296,71,132201.6348773842,150000,58000,606,429,177,55761.38613861386,64160,35403,62,62,0,28000.0,28000,0
18,Niagara County (North & East) PUMA,0,0,0,#DIV/0!,0,0,0,0,0,#DIV/0!,0,0,0,0,0,#DIV/0!,0,0,0,0,0,#DIV/0!,0,0
19,"NYC-Queens Community District 13--Queens Village, Cambria Heights & Rosedale PUMA",1115,984,131,51988.340807174885,55216,27740,426,353,73,33476.525821596246,36677,18000,455,455,0,68375.82417582418,68375,0,234,176,58,53824.78632478633,58380,40000
20,"Chenango, Delaware & Broome (East) Counties PUMA",26,26,0,100000.0,100000,0,26,26,0,100000.0,100000,0,0,0,0,#DIV/0!,0,0,0,0,0,#DIV/0!,0,0
21,Oswego County PUMA,346,0,346,57633.23699421965,0,57633,346,0,346,57633.23699421965,0,57633,0,0,0,#DIV/0!,0,0,0,0,0,#DIV/0!,0,0
22,"NYC-Brooklyn Community District 9--Crown Heights South, Prospect Lefferts & Wingate PUMA",722,508,214,73945.98337950138,84523,48836,411,197,214,44615.57177615572,40030,48836,311,311,0,112707.39549839229,112707,0,0,0,0,#DIV/0!,0,0
23,NYC-Queens Community District 10--Howard Beach & Ozone Park PUMA,3204,1971,1233,68476.24843945069,80411,49396,2055,1232,823,76505.0608272506,89748,56680,951,577,374,50544.689800210304,60031,35909,198,162,36,71272.72727272728,82000,23000
24,Ontario & Yates Counties PUMA,265,177,88,410182.641509434,599200,30000,177,177,0,599200.0,599200,0,0,0,0,#DIV/0!,0,0,88,0,88,30000.0,0,30000
25,"NYC-Bronx Community District 8--Riverdale, Fieldston & Kingsbridge PUMA",996,770,226,72673.5642570281,80228,46931,772,546,226,84429.4689119171,99950,46931,224,224,0,32157.678571428572,32157,0,0,0,0,#DIV/0!,0,0
26,Erie County (Northwest) PUMA,639,492,147,37870.86071987481,31330,59761,187,187,0,12308.449197860962,12308,0,382,305,77,51460.20942408377,42992,85000,70,0,70,32000.0,0,32000
27,NYC-Brooklyn Community District 14--Flatbush & Midwood PUMA,6262,3038,3224,48942.733950814436,60479,38071,3253,1239,2014,45584.826314171536,66805,32530,2642,1564,1078,48411.79409538228,50254,45737,367,235,132,82528.61035422343,95182,60000
28,"Rockland County (West)--Spring Valley, Suffern Villages & Monsey PUMA",1434,1258,176,53751.11576011158,53681,54250,355,278,77,83847.88732394367,92669,52000,783,783,0,41857.08812260536,41857,0,296,197,99,49118.24324324324,45659,56000
29,"NYC-Manhattan Community District 1 & 2--Battery Park City, Greenwich Village & Soho PUMA",6309,4001,2308,178741.52797590743,205287,132722,6183,4001,2182,181365.08167556202,205287,137499,126,0,126,50000.0,0,50000,0,0,0,#DIV/0!,0,0
30,"NYC-Bronx Community District 4--Concourse, Highbridge & Mount Eden PUMA",194,194,0,35000.0,35000,0,0,0,0,#DIV/0!,0,0,194,194,0,35000.0,35000,0,0,0,0,#DIV/0!,0,0
31,NYC-Queens Community District 1--Astoria & Long Island City PUMA,10420,6017,4403,50986.87619961612,43333,61445,5090,2214,2876,57651.424361493126,39691,71476,4848,3321,1527,46317.4504950495,48048,42552,482,482,0,27573.651452282156,27573,0
32,Erie County (West Central)--Buffalo City (West) PUMA,626,296,330,58115.015974440896,85506,33545,405,75,330,30000.0,14400,33545,221,221,0,109638.00904977375,109638,0,0,0,0,#DIV/0!,0,0
33,Schenectady County--Schenectady City PUMA,1153,832,321,72649.26279271465,83213,45266,620,409,211,67707.41935483871,74801,53955,533,423,110,78397.74859287054,91347,28600,0,0,0,#DIV/0!,0,0
34,NYC-Brooklyn Community District 2--Brooklyn Heights & Fort Greene PUMA,1625,1304,321,198276.8,212066,142257,1425,1104,321,217013.7403508772,238749,142257,200,200,0,64776.1,64776,0,0,0,0,#DIV/0!,0,0
35,"Steuben (North & West), Schuyler & Chemung (North) Counties PUMA",31,0,31,55000.0,0,55000,0,0,0,#DIV/0!,0,0,31,0,31,55000.0,0,55000,0,0,0,#DIV/0!,0,0
36,NYC-Brooklyn Community District 1--Greenpoint & Williamsburg PUMA,4026,2825,1201,76526.08544461004,80351,67527,1940,1027,913,85012.13402061856,102372,65484,1473,1185,288,83832.31500339444,86221,74003,613,613,0,32113.344208809136,32113,0
37,Suffolk County (Northwest)--Huntington Town (North) PUMA,413,266,147,116440.67796610169,48270,239795,413,266,147,116440.67796610169,48270,239795,0,0,0,#DIV/0!,0,0,0,0,0,#DIV/0!,0,0
38,Erie County (Northeast) PUMA,214,214,0,174999.5327102804,174999,0,63,63,0,506000.0,506000,0,151,151,0,36900.0,36900,0,0,0,0,#DIV/0!,0,0
39,Monroe County (North & West) PUMA,365,68,297,59159.78082191781,100490,49696,102,0,102,50000.0,0,50000,263,68,195,62712.243346007606,100490,49538,0,0,0,#DIV/0!,0,0
40,Oneida County (Central)--Greater Utica & Rome Cities PUMA,2015,923,1092,34940.19851116625,37748,32566,730,279,451,38279.04109589041,44316,34544,1046,525,521,31729.349904397706,32104,31351,239,119,120,38794.56066945607,47252,30407
41,"NYC-Brooklyn Community District 12--Borough Park, Kensington & Ocean Parkway PUMA",3579,2164,1415,65295.69712210115,81806,40044,2023,1098,925,80117.64705882352,110725,43784,1134,688,446,29507.231040564373,27746,32222,422,378,44,90412.55924170616,96199,40700
42,Erie County (West Central)--Buffalo City (East) PUMA,468,468,0,23597.008547008547,23597,0,53,53,0,75000.0,75000,0,369,369,0,13171.815718157182,13171,0,46,46,0,48000.0,48000,0
43,Suffolk County (Northwest)--Smithtown Town PUMA,301,228,73,172652.22591362125,199280,89483,74,50,24,449544.86486486485,617000,100680,227,178,49,82387.66519823788,81943,84000,0,0,0,#DIV/0!,0,0
44,Nassau County (Northeast)--Oyster Bay Town (North) & Glen Cove City PUMA,2628,1325,1303,146819.9505327245,229498,62745,1471,650,821,188698.72875594834,322663,82636,536,300,236,44236.94029850746,45370,42796,621,375,246,136161.0305958132,215314,15500
45,NYC-Manhattan Community District 8--Upper East Side PUMA,8812,4280,4532,145968.54062641851,205304,89932,8676,4280,4396,148099.90548639925,205304,92405,136,0,136,10000.0,0,10000,0,0,0,#DIV/0!,0,0
46,Suffolk County (Southwest)--Islip Town (South) PUMA,585,346,239,96955.21367521367,126849,53676,276,276,0,140000.0,140000,0,0,0,0,#DIV/0!,0,0,309,70,239,58507.44336569579,75000,53676
47,"NYC-Brooklyn Community District 6--Park Slope, Carroll Gardens & Red Hook PUMA",4028,2579,1449,107782.3609731877,130485,67375,3277,2097,1180,121245.3310955142,148945,72018,751,482,269,49036.48468708389,50170,47005,0,0,0,#DIV/0!,0,0
48,Erie County (South) PUMA,548,338,210,50148.57664233576,61599,31718,432,222,210,43470.13888888889,54586,31718,116,116,0,75020.0,75020,0,0,0,0,#DIV/0!,0,0
49,Albany County (Outside Albany City) PUMA,1356,934,422,78441.66666666667,87080,59322,890,535,355,95637.0786516854,116061,64856,340,273,67,49529.117647058825,54321,30000,126,126,0,35000.0,35000,0
50,NYC-Staten Island Community District 2--New Springville & South Beach PUMA,6845,4370,2475,54522.074506939374,59069,46492,3288,1933,1355,55902.676399026765,60136,49862,2901,2007,894,57928.50741123751,63177,46144,656,430,226,32538.10975609756,35100,27663
51,Erie County (North Central) PUMA,1197,362,835,62584.33082706767,43276,70955,1019,290,729,68464.61629048086,42848,78654,178,72,106,28921.34831460674,45000,18000,0,0,0,#DIV/0!,0,0
52,"NYC-Staten Island Community District 3--Tottenville, Great Kills & Annadale PUMA",9556,5702,3854,73190.22394307241,77187,67275,5165,2793,2372,77613.0261374637,82774,71535,4302,2820,1482,67635.8670385867,71408,60457,89,89,0,85000.0,85000,0
53,"NYC-Manhattan Community District 12--Washington Heights, Inwood & Marble Hill PUMA",2016,953,1063,51787.569444444445,57546,46624,1505,591,914,50766.604651162794,52980,49334,511,362,149,54794.520547945205,65000,30000,0,0,0,#DIV/0!,0,0
54,NYC-Manhattan Community District 7--Upper West Side & West Side PUMA,5844,2903,2941,185532.5325119781,253681,118264,4241,2157,2084,233715.39731195473,316256,148282,1488,631,857,58138.521505376346,75618,45268,115,115,0,57000.0,57000,0
55,"NYC-Queens Community District 5--Ridgewood, Glendale & Middle Village PUMA",12057,7651,4406,59978.64974703492,64970,51309,4054,1591,2463,67267.68130241736,70886,64930,7272,5409,1863,56854.01540154016,64449,34801,731,651,80,50638.85088919289,54847,16387
56,"NYC-Brooklyn Community District 15--Sheepshead Bay, Gerritsen Beach & Homecrest PUMA",14971,7614,7357,71706.07307461092,82425,60612,9763,4428,5335,85505.77896138481,107828,66978,4778,2789,1989,45154.039347007114,46359,43463,430,397,33,53424.88372093023,52462,65000
57,"NYC-Queens Community District 12--Jamaica, Hollis & St. Albans PUMA",240,92,148,17640.0,24782,13200,0,0,0,#DIV/0!,0,0,240,92,148,17640.0,24782,13200,0,0,0,#DIV/0!,0,0
58,Suffolk County (North Central)--Brookhaven Town (North) PUMA,1488,918,570,145298.05107526883,157199,126129,1373,918,455,154955.20757465405,157199,150426,115,0,115,30000.0,0,30000,0,0,0,#DIV/0!,0,0
59,Albany County (East Central)--Albany City PUMA,388,50,338,103322.1649484536,14000,116535,79,0,79,56000.0,0,56000,309,50,259,115420.71197411003,14000,135000,0,0,0,#DIV/0!,0,0
60,NYC-Manhattan Community District 3--Chinatown & Lower East Side PUMA,1923,1028,895,138606.96827873116,175917,95751,1600,893,707,150163.25,192299,96942,323,135,188,81362.22910216718,67555,91276,0,0,0,#DIV/0!,0,0
61,Rensselaer County--Troy City PUMA,631,631,0,80891.9175911252,80891,0,182,182,0,73224.17582417582,73224,0,449,449,0,84000.0,84000,0,0,0,0,#DIV/0!,0,0
62,Warren & Washington Counties PUMA,530,256,274,33836.22641509434,51207,17606,290,117,173,33155.1724137931,60000,15000,176,75,101,39989.77272727273,64120,22071,64,64,0,20000.0,20000,0
63,Orange County (Northeast)--Greater Newburgh City PUMA,498,360,138,62134.53815261044,71308,38202,210,145,65,65385.71428571428,62868,71000,73,0,73,9000.0,0,9000,215,215,0,77000.0,77000,0
64,"Rockland County (South)--Orangetown, Clarkstown (South) & Ramapo (Southeast) Towns PUMA",445,79,366,55015.730337078654,130000,38830,179,0,179,36703.91061452514,0,36703,187,0,187,40866.310160427805,0,40866,79,79,0,130000.0,130000,0
65,Fulton & Montgomery Counties PUMA,127,0,127,26000.0,0,26000,0,0,0,#DIV/0!,0,0,127,0,127,26000.0,0,26000,0,0,0,#DIV/0!,0,0
66,NYC-Brooklyn Community District 11--Bensonhurst & Bath Beach PUMA,10524,5705,4819,54398.631698973775,53531,55425,6810,3488,3322,60626.27753303965,65239,55782,3094,1724,1370,41761.0698125404,30359,56108,620,493,127,49060.48387096774,51728,38704
67,Monroe County (Central)--Rochester City (East) PUMA,0,0,0,#DIV/0!,0,0,0,0,0,#DIV/0!,0,0,0,0,0,#DIV/0!,0,0,0,0,0,#DIV/0!,0,0
68,Chautauqua County PUMA,271,203,68,26442.066420664207,28600,20000,68,0,68,20000.0,0,20000,203,203,0,28600.0,28600,0,0,0,0,#DIV/0!,0,0
69,Nassau County (Northwest)--North Hempstead Town (North) PUMA,2745,1495,1250,130188.48087431694,187013,62225,1396,602,794,153938.9541547278,263650,70757,1291,855,436,108744.0743609605,138974,49461,58,38,20,35862.06896551724,53789,1800
70,"Clinton, Franklin, Essex & Hamilton Counties PUMA",272,107,165,43636.029411764706,59794,33157,63,38,25,57412.69841269841,79000,24600,117,24,93,37538.46153846154,59000,32000,92,45,47,41956.52173913043,44000,40000
71,NYC-Queens Community District 6--Forest Hills & Rego Park PUMA,5931,3678,2253,88387.60748609004,98614,71692,3531,2192,1339,117195.49702633815,139786,80213,2090,1176,914,49267.75119617225,41540,59210,310,310,0,24000.0,24000,0
72,Monroe County (Central)--Rochester City (West) PUMA,0,0,0,#DIV/0!,0,0,0,0,0,#DIV/0!,0,0,0,0,0,#DIV/0!,0,0,0,0,0,#DIV/0!,0,0
73,Orange County (Southeast) PUMA,904,581,323,77961.47123893806,95523,46371,390,351,39,89925.64102564103,99472,4000,475,191,284,61402.46315789474,75100,52190,39,39,0,160000.0,160000,0
74,Rockland County (North)--New City & Congers PUMA,383,301,82,82757.18015665797,77242,103000,187,105,82,82224.59893048128,66000,103000,196,196,0,83265.30612244898,83265,0,0,0,0,#DIV/0!,0,0
75,Westchester County (Southeast) PUMA,3492,2504,988,117716.15979381443,117333,118686,2860,2075,785,129800.26223776223,124927,142680,354,354,0,83272.25988700565,83272,0,278,75,203,37257.91366906475,68000,25900
76,"NYC-Manhattan Community District 9--Hamilton Heights, Manhattanville & West Harlem PUMA",1769,575,1194,97303.91181458451,50448,119868,973,199,774,152476.87564234328,81819,170643,796,376,420,29862.587939698493,33846,26296,0,0,0,#DIV/0!,0,0
77,Nassau County (Southwest)--Hempstead Town (Southwest) & Long Beach City PUMA,886,336,550,118931.15124153499,222741,55512,568,178,390,141077.46478873238,320000,59415,303,143,160,67313.53135313532,91160,46000,15,15,0,323000.0,323000,0
78,NYC-Queens Community District 2--Sunnyside & Woodside PUMA,4237,2811,1426,83901.94005192354,87052,77691,3018,1834,1184,101920.64943671305,113308,84280,992,924,68,41737.903225806454,38554,85000,227,53,174,28599.11894273128,24000,30000
79,"NYC-Bronx Community District 11--Pelham Parkway, Morris Park & Laconia PUMA",3289,1946,1343,54969.38279112192,50876,60900,1135,500,635,81058.50220264317,78530,83049,2028,1320,708,41753.895463510846,42139,41035,126,126,0,32666.666666666668,32666,0
80,Onondaga County (Central)--Syracuse City (Outer) PUMA,1059,794,265,46280.8687440982,51276,31313,442,289,153,35681.990950226245,41887,23960,474,434,40,59426.16033755274,59373,60000,143,71,72,35468.531468531466,40000,31000
81,Wayne & Seneca Counties PUMA,0,0,0,#DIV/0!,0,0,0,0,0,#DIV/0!,0,0,0,0,0,#DIV/0!,0,0,0,0,0,#DIV/0!,0,0
82,"NYC-Bronx Community District 7--Bedford Park, Fordham North & Norwood PUMA",716,716,0,23950.27932960894,23950,0,283,283,0,5800.0,5800,0,268,268,0,24000.0,24000,0,165,165,0,55000.0,55000,0
83,Nassau County (West Central)--Hempstead Town (Northwest) PUMA,940,853,87,260718.085106383,283739,35000,474,474,0,465139.2405063291,465139,0,466,379,87,52787.55364806867,56870,35000,0,0,0,#DIV/0!,0,0
84,NYC-Brooklyn Community District 18--Canarsie & Flatlands PUMA,3216,1571,1645,70291.39925373135,83519,57658,1546,628,918,92768.26649417852,108991,81669,1369,943,426,54756.683710737765,66555,28638,301,0,301,25500.0,0,25500
85,"NYC-Bronx Community District 12--Wakefield, Williamsbridge & Woodlawn PUMA",317,317,0,74047.31861198739,74047,0,84,84,0,200000.0,200000,0,233,233,0,28639.48497854077,28639,0,0,0,0,#DIV/0!,0,0
86,Suffolk County (South Central)--Brookhaven Town (South) PUMA,1015,947,68,51492.0197044335,50289,68235,216,180,36,47620.37037037037,49144,40000,683,651,32,49233.38213762811,46737,100000,116,116,0,72000.0,72000,0
87,NYC-Queens Community District 4--Elmhurst & South Corona PUMA,1749,1051,698,34524.98570611778,23437,51219,880,267,613,40762.5,10000,54161,869,784,85,28208.515535097813,28014,30000,0,0,0,#DIV/0!,0,0
88,Livingston & Wyoming Counties PUMA,132,63,69,50738.71212121212,53968,47790,20,20,0,84000.0,84000,0,112,43,69,44799.19642857143,40000,47790,0,0,0,#DIV/0!,0,0
89,"NYC-Bronx Community District 10--Co-op City, Pelham Bay & Schuylerville PUMA",2033,1295,738,58810.91982292179,61982,53246,685,159,526,57145.98540145985,67000,54167,1059,847,212,66296.1284230406,70134,50960,289,289,0,35328.71972318339,35328,0
90,Cattaraugus & Allegany Counties PUMA,26,0,26,84320.0,0,84320,26,0,26,84320.0,0,84320,0,0,0,#DIV/0!,0,0,0,0,0,#DIV/0!,0,0
91,Herkimer (North & Central) & Oneida (Outer) Counties PUMA,302,179,123,56329.30463576159,78966,23385,161,161,0,85000.0,85000,0,141,18,123,23591.843971631206,25000,23385,0,0,0,#DIV/0!,0,0
92,Orange County (Northwest) PUMA,949,627,322,64265.437302423605,64405,63992,417,169,248,68509.59232613909,90905,53247,388,314,74,55963.9175257732,45585,100000,144,144,0,74343.05555555556,74343,0
93,Columbia & Greene Counties PUMA,91,91,0,413428.5714285714,413428,0,64,64,0,587000.0,587000,0,27,27,0,2000.0,2000,0,0,0,0,#DIV/0!,0,0
94,Suffolk County (East) PUMA,1728,1183,545,141660.64814814815,179923,58606,672,377,295,235116.07142857142,360458,74932,978,806,172,86510.83844580778,95478,44486,78,0,78,28000.0,0,28000
95,Monroe County (East) PUMA,1410,743,667,61289.92907801418,77103,43674,523,328,195,97531.54875717017,131201,40897,774,302,472,39471.317829457366,31109,44821,113,113,0,43000.0,43000,0
96,Sullivan & Ulster (West) Counties PUMA,1105,549,556,63439.85520361991,72577,54417,621,145,476,91768.11594202899,216303,53831,484,404,80,27093.057851239668,20992,57900,0,0,0,#DIV/0!,0,0
97,Cayuga & Onondaga (South) Counties PUMA,0,0,0,#DIV/0!,0,0,0,0,0,#DIV/0!,0,0,0,0,0,#DIV/0!,0,0,0,0,0,#DIV/0!,0,0
98,"NYC-Bronx Community District 1 & 2--Hunts Point, Longwood & Melrose PUMA",0,0,0,#DIV/0!,0,0,0,0,0,#DIV/0!,0,0,0,0,0,#DIV/0!,0,0,0,0,0,#DIV/0!,0,0
99,Suffolk County (Southwest)--Babylon Town (Southeast) PUMA,1616,855,761,53057.17821782178,59894,45375,679,280,399,67567.01030927835,85125,55245,552,291,261,35185.50724637681,31252,39570,385,284,101,53090.90909090909,64366,21386
100,Onondaga County (Central)--Syracuse City PUMA,717,578,139,61830.34867503487,66063,44225,497,452,45,81032.11267605633,81134,80000,220,126,94,18451.81818181818,12000,27100,0,0,0,#DIV/0!,0,0
101,Ulster County (East) PUMA,292,292,0,43698.6301369863,43698,0,41,41,0,100000.0,100000,0,251,251,0,34501.99203187251,34501,0,0,0,0,#DIV/0!,0,0
102,NYC-Queens Community District 9--Richmond Hill & Woodhaven PUMA,1924,1386,538,45429.62577962578,48491,37540,691,516,175,66808.97250361794,67822,63821,1233,870,363,33448.175182481755,37027,24870,0,0,0,#DIV/0!,0,0
103,NYC-Brooklyn Community District 13--Brighton Beach & Coney Island PUMA,9386,5343,4043,66590.84274451311,68510,64054,5449,2609,2840,81709.414571481,86606,77210,2947,1825,1122,50398.37122497455,60519,33935,990,909,81,31578.838383838385,32610,20000
104,Broome County (West Central)--Greater Binghamton City & Greater Johnson City Village PUMA,1040,777,263,53767.71153846154,60633,33482,530,319,211,62034.75471698113,76766,39763,409,357,52,19537.897310513446,21218,8000,101,101,0,149000.0,149000,0
105,Nassau County (South Central)--Hempstead Town (Southeast) PUMA,1455,848,607,107768.0412371134,120931,89378,758,341,417,136965.6992084433,195709,88928,697,507,190,76015.06456241033,70636,90368,0,0,0,#DIV/0!,0,0
106,Saratoga County (Outer) PUMA,251,124,127,66191.23505976096,50000,82000,127,0,127,82000.0,0,82000,124,124,0,50000.0,50000,0,0,0,0,#DIV/0!,0,0
107,"NYC-Manhattan Community District 4 & 5--Chelsea, Clinton & Midtown Business District PUMA",5102,3475,1627,103275.73500588005,102744,104411,4226,2659,1567,110854.56696639849,112645,107815,876,816,60,66713.92694063927,70479,15500,0,0,0,#DIV/0!,0,0
108,NYC-Brooklyn Community District 4--Bushwick PUMA,553,207,346,47157.106690777575,65289,36309,186,0,186,27284.94623655914,0,27284,367,207,160,57228.555858310625,65289,46800,0,0,0,#DIV/0!,0,0
109,Suffolk County (Central)--Islip Town (East) PUMA,143,70,73,26604.895104895106,25150,28000,70,70,0,25150.0,25150,0,73,0,73,28000.0,0,28000,0,0,0,#DIV/0!,0,0
110,Westchester County (Southwest)--Yonkers City PUMA,3769,1835,1934,87741.61050676572,117902,59124,2082,992,1090,84641.08069164265,100567,70146,1433,722,711,74497.55757152826,109270,39187,254,121,133,187875.5905511811,311537,75371
111,Nassau County (West Central)--North Hempstead Town (South) PUMA,1893,909,984,86190.97728473322,83798,88401,1233,417,816,89827.34793187348,65772,102120,319,151,168,73408.77742946708,130863,21767,341,341,0,85000.0,85000,0
112,"NYC-Queens Community District 8--Briarwood, Fresh Meadows & Hillcrest PUMA",4251,2523,1728,63532.90990355211,66222,59605,2065,1023,1042,78104.01937046005,82235,74047,2007,1388,619,50657.49875435974,56079,38498,179,112,67,39798.882681564246,45660,30000
113,Jefferson & Lewis Counties PUMA,163,0,163,21960.73619631902,0,21960,0,0,0,#DIV/0!,0,0,163,0,163,21960.73619631902,0,21960,0,0,0,#DIV/0!,0,0
114,Suffolk County (Central)--Brookhaven Town (West Central) PUMA,851,362,489,64240.56404230317,66903,62269,498,75,423,76211.4859437751,140000,64901,353,287,66,47352.40793201133,47801,45400,0,0,0,#DIV/0!,0,0
115,Suffolk County (Northwest)--Huntington Town (South) PUMA,679,539,140,52271.28129602356,55087,41428,147,67,80,163945.57823129251,300000,50000,459,399,60,18457.952069716775,16722,30000,73,73,0,40000.0,40000,0
116,NYC-Brooklyn Community District 16--Brownsville & Ocean Hill PUMA,0,0,0,#DIV/0!,0,0,0,0,0,#DIV/0!,0,0,0,0,0,#DIV/0!,0,0,0,0,0,#DIV/0!,0,0
117,"NYC-Staten Island Community District 1--Port Richmond, Stapleton & Mariner's Harbor PUMA",3613,2402,1211,52948.32549128148,57454,44010,1677,1098,579,61431.12701252236,66279,52236,1726,1177,549,46529.72190034763,50622,37755,210,127,83,37961.90476190476,44472,28000
118,Chemung (South) & Steuben (East) Counties--Greater Elmira & Greater Corning Cities PUMA,173,124,49,43841.04046242774,48125,33000,59,59,0,53000.0,53000,0,114,65,49,39100.87719298246,43700,33000,0,0,0,#DIV/0!,0,0
119,Monroe County (Central)--Greece & Gates Towns PUMA,920,462,458,42501.0,49861,35076,77,0,77,60000.0,0,60000,690,309,381,37994.0,47802,30039,153,153,0,54020.0,54020,0
120,NYC-Queens Community District 3--Jackson Heights & North Corona PUMA,2136,1573,563,59746.839887640446,63793,48440,1213,650,563,73577.28771640561,95349,48440,466,466,0,54935.622317596564,54935,0,457,457,0,27943.107221006565,27943,0
121,"NYC-Queens Community District 14--Far Rockaway, Breezy Point & Broad Channel PUMA",525,242,283,45231.42857142857,45016,45415,365,82,283,52510.95890410959,77000,45415,160,160,0,28625.0,28625,0,0,0,0,#DIV/0!,0,0
122,NYC-Brooklyn Community District 10--Bay Ridge & Dyker Heights PUMA,7236,4696,2540,57519.10309563295,59770,53356,4082,2509,1573,76210.06859382655,83581,64452,2788,1821,967,33284.98206599713,32211,35306,366,366,0,33661.74863387978,33661,0
123,Broome (Outer West) & Tioga Counties PUMA,271,168,103,100316.60516605167,156915,8000,78,78,0,142000.0,142000,0,193,90,103,83470.46632124353,169842,8000,0,0,0,#DIV/0!,0,0
124,Putnam County PUMA,1637,805,832,68026.38973732437,68603,67467,586,358,228,64807.508532423206,73651,50921,794,190,604,71206.5491183879,63236,73713,257,257,0,65540.85603112841,65540,0
125,"NYC-Brooklyn Community District 17--East Flatbush, Farragut & Rugby PUMA",124,124,0,27200.0,27200,0,31,31,0,20000.0,20000,0,93,93,0,29600.0,29600,0,0,0,0,#DIV/0!,0,0
126,"NYC-Queens Community District 11--Bayside, Douglaston & Little Neck PUMA",3041,1594,1447,69347.8329496876,79489,58176,1162,700,462,83707.36660929432,85499,80991,1780,832,948,61081.573033707864,75451,48469,99,62,37,49430.30303030303,65800,22000
127,Nassau County (Central)--Hempstead Town (Northeast) PUMA,1747,884,863,88951.34516313681,60734,117855,756,417,339,102731.48148148147,69568,143525,681,467,214,62251.101321585906,52845,82775,310,0,310,114000.0,0,114000
128,Suffolk County (Central)--Brookhaven Town (Central) PUMA,1666,1085,581,43609.21968787515,46962,37346,733,284,449,55871.705320600275,82675,38918,551,419,132,22865.69872958258,19988,32000,382,382,0,50000.0,50000,0
129,NYC-Manhattan Community District 10--Central Harlem PUMA,1147,449,698,90894.85614646904,97254,86803,1147,449,698,90894.85614646904,97254,86803,0,0,0,#DIV/0!,0,0,0,0,0,#DIV/0!,0,0
130,"NYC-Bronx Community District 5--Morris Heights, Fordham South & Mount Hope PUMA",0,0,0,#DIV/0!,0,0,0,0,0,#DIV/0!,0,0,0,0,0,#DIV/0!,0,0,0,0,0,#DIV/0!,0,0
131,NYC-Manhattan Community District 11--East Harlem PUMA,1096,567,529,106957.11678832117,109095,104665,964,567,397,118042.53112033194,109095,130821,132,0,132,26000.0,0,26000,0,0,0,#DIV/0!,0,0
132,Westchester County (Northwest) PUMA,2208,1234,974,86981.45380434782,93946,78157,1456,834,622,101056.35302197802,109058,90326,752,400,352,59730.05319148936,62437,56653,0,0,0,#DIV/0!,0,0
133,Onondaga County (North) PUMA,858,646,212,76837.99533799534,70877,95000,713,501,212,77510.51893408135,70109,95000,81,81,0,70000.0,70000,0,64,64,0,78000.0,78000,0
134,NYC-Brooklyn Community District 8--Crown Heights North & Prospect Heights PUMA,1037,608,429,93586.73481195758,117597,59557,663,234,429,135578.34690799395,274950,59557,211,211,0,24668.24644549763,24668,0,163,163,0,12000.0,12000,0
135,NYC-Brooklyn Community District 3--Bedford-Stuyvesant PUMA,1559,1396,163,72463.75881975626,73601,62717,721,558,163,113582.52427184465,128440,62717,749,749,0,37690.25367156208,37690,0,89,89,0,32000.0,32000,0
136,Genesee & Orleans Counties PUMA,27,0,27,42500.0,0,42500,27,0,27,42500.0,0,42500,0,0,0,#DIV/0!,0,0,0,0,0,#DIV/0!,0,0
137,Westchester County (Central)--White Plains City PUMA,2288,1081,1207,198613.8986013986,302379,105680,1835,897,938,236509.04632152588,356689,121582,453,184,269,45109.27152317881,37622,50230,0,0,0,#DIV/0!,0,0
138,Saratoga County (South & Central) PUMA,1024,227,797,53590.72265625,77947,46653,788,116,672,62947.84263959391,120000,53099,236,111,125,22347.457627118645,34000,12000,0,0,0,#DIV/0!,0,0
139,Monroe County (South) PUMA,1398,1093,305,62775.22889842632,69482,38737,695,520,175,92176.64748201439,104976,54142,703,573,130,33708.39260312945,37272,18000,0,0,0,#DIV/0!,0,0
140,Suffolk County (Central)--Islip Town (Northwest) PUMA,411,189,222,64778.58880778589,86878,45963,279,189,90,80530.46594982079,86878,67200,132,0,132,31484.848484848484,0,31484,0,0,0,#DIV/0!,0,0
141,St. Lawrence County PUMA,1016,208,808,112445.07874015748,200111,89877,934,160,774,120541.97002141328,255645,92613,34,0,34,27588.235294117647,0,27588,48,48,0,15000.0,15000,0
142,Nassau County (West Central)--Hempstead Town (West Central) PUMA,884,453,431,82445.47511312217,88176,76422,665,297,368,84587.66917293234,101191,71187,156,156,0,63397.4358974359,63397,0,63,0,63,107000.0,0,107000
143,Nassau County (Central)--Hempstead Town (North Central)--Meadowbrook Corridor PUMA,101,101,0,109200.0,109200,0,101,101,0,109200.0,109200,0,0,0,0,#DIV/0!,0,0,0,0,0,#DIV/0!,0,0
144,"NYC-Bronx Community District 9--Castle Hill, Clason Point & Parkchester PUMA",449,396,53,24677.06013363029,22626,40000,0,0,0,#DIV/0!,0,0,243,190,53,32831.27572016461,30831,40000,206,206,0,15058.252427184467,15058,0
145,Nassau County (Southeast)--Oyster Bay Town (South) PUMA,221,153,68,49898.642533936654,49764,50200,87,87,0,42000.0,42000,0,134,66,68,55026.86567164179,60000,50200,0,0,0,#DIV/0!,0,0
146,Capital Region,5424,3145,2279,902351.7675586368,857766,367382,3040,1423,1617,1057671.688884087,1031086,324910,2194,1532,662,441684.8085684307,393788,227671,190,190,0,#DIV/0!,55000,0
147,Central NY,3363,2191,1172,#DIV/0!,529635,250032,2295,1415,880,#DIV/0!,534549,290843,861,641,220,#DIV/0!,141373,91100,207,135,72,#DIV/0!,118000,31000
148,Finger Lakes,4517,2606,1911,#DIV/0!,950104,287473,1621,1045,576,#DIV/0!,919377,247539,2542,1295,1247,#DIV/0!,256673,190188,354,266,88,#DIV/0!,97020,30000
149,Long Island,27689,16295,11394,2465978.4851209945,2811029,1741062,14732,7489,7243,3458640.9348688796,4419169,1733696,9910,6928,2982,#DIV/0!,1257381,958710,3047,1878,1169,#DIV/0!,1056469,381362
150,Mid-Hudson,24933,15627,9306,1431708.232345084,1697583,1255726,13501,7783,5718,1856407.4944904086,2074801,1309241,9706,6641,3065,886980.528958329,890956,557739,1726,1203,523,#DIV/0!,1002079,197271
151,Mohawk Valley,2806,1272,1534,289171.1606054914,172386,356763,1022,487,535,#DIV/0!,219316,621544,1342,571,771,94121.1938760289,69904,80736,442,214,228,#DIV/0!,98578,62407
152,New York City,189267,112658,76609,#DIV/0!,4202168,3010088,112897,59634,53263,#DIV/0!,4766415,3286152,66634,44853,21781,#DIV/0!,2361020,1581458,9736,8171,1565,#DIV/0!,1274557,497954
153,North Country,1451,315,1136,178041.8443482412,259905,144994,997,198,799,#DIV/0!,334645,117213,314,24,290,87087.4330288982,59000,81548,140,93,47,#DIV/0!,59000,40000
154,Southern Tier,2463,1615,848,485534.7931756177,571492,167392,1615,1002,613,#DIV/0!,577585,77673,747,512,235,#DIV/0!,234760,104000,101,101,0,#DIV/0!,149000,0
155,Western NY,5452,2880,2572,#DIV/0!,474000,343724,2654,890,1764,#DIV/0!,705142,310252,2555,1882,673,#DIV/0!,372944,134319,243,108,135,#DIV/0!,98000,52000
