,puma,Total_geo,Total_geo_m,Total_geo_f,Total_Avg_PINCP_mf_t,Total_Avg_PINCP_m,Total_Avg_PINCP_f,Total_BABS,Total_BABS_m,Total_BABS_f,BABS_Avg_PINCP_mf_t,BABS_Avg_PINCP_m,BABS_Avg_PINCP_f,Total_HS,Total_HS_m,Total_HS_f,HS_Avg_PINCP_mf_t,HS_Avg_PINCP_m,HS_Avg_PINCP_f,Total_HSINC,Total_HSINC_m,Total_HSINC_f,HSINC_Avg_PINCP_mf_t,HSINC_Avg_PINCP_m,HSINC_Avg_PINCP_f
0,Total Geo,813053,467831,345222,53963.44056414526,55215.32239206038,52266.940551297426,328046,174499,153547,78355.07477914683,82784.19926761757,73321.58148970673,374035,215761,158274,39519.2248746775,41371.84947233281,36993.704979971444,110972,77571,33401,30543.696644198535,31703.1866032409,27850.879195233676
1,"NYC-Manhattan Community District 6--Murray Hill, Gramercy & Stuyvesant Town PUMA",5052,1643,3409,165838.45209817894,249721.01034692634,125410.45467879143,4554,1643,2911,175733.61001317523,249721.01034692634,133974.31810374442,498,0,498,75351.40562248995,0.0,75351.40562248995,0,0,0,#DIV/0!,0.0,0.0
2,Tompkins County PUMA,1711,944,767,48845.061367621274,69300.74152542373,23668.83963494133,1360,593,767,44502.5,71449.24114671163,23668.83963494133,351,351,0,65670.94017094017,65670.94017094017,0.0,0,0,0,#DIV/0!,0.0,0.0
3,Westchester County (South Central)--New Rochelle & Mount Vernon Cities PUMA,9953,5405,4548,50733.627047121474,54823.42090656799,45873.175021987685,2676,1245,1431,86628.47533632287,114958.2329317269,61980.992313067785,5488,3107,2381,40888.44752186589,39843.38590280013,42252.16295674087,1789,1053,736,27243.258803801007,27924.20702754036,26269.021739130436
4,"NYC-Queens Community District 7--Flushing, Murray Hill & Whitestone PUMA",29284,16719,12565,52956.109479579296,57979.01608947904,46272.62554715479,11523,6597,4926,66957.41386791634,75600.59117780809,55382.29395046691,15809,9011,6798,45838.16876462774,48845.17478637221,41852.271256251835,1952,1111,841,27951.239754098362,27425.922592259227,28645.208085612365
5,Madison & Cortland Counties PUMA,82,39,43,17253.658536585364,3200.0,30000.0,0,0,0,#DIV/0!,0.0,0.0,82,39,43,17253.658536585364,3200.0,30000.0,0,0,0,#DIV/0!,0.0,0.0
6,NYC-Brooklyn Community District 5--East New York & Starrett City PUMA,10253,5273,4980,37126.57466107481,39549.40261710601,34561.198795180724,1829,646,1183,61384.62001093494,79519.19504643962,51481.88503803888,6622,3290,3332,32240.81848384174,34331.00303951368,30176.98079231693,1802,1337,465,30459.267480577135,33078.23485415109,22929.032258064515
7,Dutchess County (Southwest) PUMA,5362,3133,2229,83824.86758672138,82381.44909032875,85853.68326603858,3341,1524,1817,114563.35228973361,136891.99475065616,95835.31095211887,1430,1018,412,38345.79020979021,36934.55795677799,41832.76699029126,591,591,0,20098.646362098138,20098.646362098138,0.0
8,"NYC-Bronx Community District 3 & 6--Belmont, Crotona Park East & East Tremont PUMA",10561,5923,4638,33918.54843291355,32808.811413135234,35335.7481673135,2004,708,1296,39762.5748502994,44326.27118644068,37269.444444444445,7354,4332,3022,34487.32526516182,33450.782548476454,35973.19655857048,1203,883,320,20706.400665004156,20424.462061155155,21484.375
9,Dutchess County (North & East) PUMA,2662,1275,1387,43470.788880540946,41669.80392156863,45126.34462869503,697,185,512,74375.89670014346,105059.45945945945,63289.0625,1390,743,647,33390.21582733813,31974.42799461642,35016.0741885626,575,347,228,30377.11304347826,28634.00576368876,33030.0
10,Erie County (Central) PUMA,908,791,117,52193.711453744494,56888.609355246525,20452.991452991453,498,425,73,54562.14859437751,61357.529411764706,15000.0,410,366,44,49316.92682926829,51699.28961748634,29500.0,0,0,0,#DIV/0!,0.0,0.0
11,Suffolk County (West Central)--Babylon Town (Northwest) PUMA,5374,2943,2431,54590.16189058429,53698.24328916072,55669.93006993007,1220,187,1033,69447.62295081967,71061.49732620321,69155.46950629236,3269,2058,1211,50166.14561027837,52056.42857142857,46953.757225433525,885,698,187,50450.056497175145,53887.249283667625,37620.32085561498
12,"Otsego, Schoharie, Oneida (South) & Herkimer (South) Counties PUMA",96,57,39,51672.5,43783.508771929824,63202.5641025641,64,36,28,49373.4375,52000.0,45996.42857142857,19,8,11,83126.31578947368,50300.0,107000.0,13,13,0,17020.0,17020.0,0.0
13,NYC-Brooklyn Community District 7--Sunset Park & Windsor Terrace PUMA,13553,8411,5142,47590.23242086623,42705.40958268934,55580.55620381175,4413,2542,1871,88367.48243825062,72566.87647521637,109834.68733297702,6497,3904,2593,28125.7995998153,31609.784836065573,22880.339375241034,2643,1965,678,27352.024214907302,26119.898218829516,30923.008849557522
14,Westchester County (Northeast) PUMA,5870,2837,3033,56902.11243611584,67950.44060627423,46567.754698318495,2728,997,1731,77826.50293255132,121258.77632898696,52810.91854419411,1953,651,1302,44052.07373271889,55621.198156682025,38267.511520737324,1189,1189,0,30000.84104289319,30000.84104289319,0.0
15,Nassau County (East Central)--Oyster Bay Town (Central) PUMA,7148,5166,1982,73429.7006155568,81917.15060007742,51307.517658930374,4248,3085,1163,83546.61016949153,90518.86547811993,65051.848667239894,1517,983,534,84036.45352669743,112660.52899287894,31344.569288389514,1383,1098,285,30720.318148951555,30225.865209471765,32625.263157894737
16,Niagara County (Southwest)--Greater Niagara Falls & North Tonawanda Area PUMA,530,228,302,17983.962264150945,11585.526315789473,22814.56953642384,18,0,18,17000.0,0.0,17000.0,316,184,132,14485.759493670887,4790.760869565217,28000.0,196,44,152,23714.285714285714,40000.0,19000.0
17,Nassau County (Central)--Hempstead Town (East Central) PUMA,1465,565,900,67763.14675767918,88206.19469026549,54929.455555555556,587,317,270,116367.46166950597,102500.0,132648.88888888888,358,248,110,57664.804469273746,69935.48387096774,30000.0,520,0,520,19848.673076923078,0.0,19848.673076923078
18,Niagara County (North & East) PUMA,244,125,119,28491.803278688523,48000.0,8000.0,0,0,0,#DIV/0!,0.0,0.0,0,0,0,#DIV/0!,0.0,0.0,244,125,119,28491.803278688523,48000.0,8000.0
19,"NYC-Queens Community District 13--Queens Village, Cambria Heights & Rosedale PUMA",18492,11097,7395,46692.33290071382,46626.87212760205,46790.56389452333,6699,3680,3019,60586.53828929691,57586.385869565216,64243.56409407088,10425,6447,3978,39867.84652278177,43048.14642469366,34713.65007541478,1368,970,398,30660.16081871345,28834.123711340206,35110.5527638191
20,"Chenango, Delaware & Broome (East) Counties PUMA",688,383,305,60322.67441860465,42000.0,83331.14754098361,605,383,222,66952.06611570247,42000.0,110000.0,83,0,83,12000.0,0.0,12000.0,0,0,0,#DIV/0!,0.0,0.0
21,Oswego County PUMA,423,423,0,33840.59101654846,33840.59101654846,0.0,33,33,0,55000.0,55000.0,0.0,390,390,0,32050.17948717949,32050.17948717949,0.0,0,0,0,#DIV/0!,0.0,0.0
22,"NYC-Brooklyn Community District 9--Crown Heights South, Prospect Lefferts & Wingate PUMA",5449,2577,2872,45704.295467058175,33671.32324408227,56501.29038997214,1541,288,1253,85639.844256976,40444.444444444445,96027.93296089386,2763,1321,1442,30110.861382555195,35096.89629068887,25543.210818307907,1145,968,177,29585.498689956334,29710.743801652894,28900.542372881355
23,NYC-Queens Community District 10--Howard Beach & Ozone Park PUMA,5953,3751,2202,48416.76801612632,50498.69368168488,44870.30881017257,1840,1156,684,70757.34782608696,71726.03806228374,69120.20467836257,3465,1999,1466,38801.47186147186,42599.74987493747,33622.23738062756,648,596,52,36395.67901234568,35819.463087248325,43000.0
24,Ontario & Yates Counties PUMA,795,199,596,20672.830188679247,13275.879396984925,23142.61744966443,121,0,121,60363.63636363636,0.0,60363.63636363636,674,199,475,13547.3293768546,13275.879396984925,13661.052631578947,0,0,0,#DIV/0!,0.0,0.0
25,"NYC-Bronx Community District 8--Riverdale, Fieldston & Kingsbridge PUMA",8948,3978,4970,51825.888466696466,49275.11312217195,53867.535211267605,4306,1638,2668,63402.77519739898,57285.34798534799,67158.52698650675,3672,1892,1780,42898.06644880174,46497.885835095134,39071.74157303371,970,448,522,34230.927835051545,31716.51785714286,36388.88888888889
26,Erie County (Northwest) PUMA,1136,732,404,28806.8661971831,29323.224043715847,27871.287128712873,220,126,94,93127.27272727272,88000.0,100000.0,916,606,310,13358.73362445415,17123.102310231025,6000.0,0,0,0,#DIV/0!,0.0,0.0
27,NYC-Brooklyn Community District 14--Flatbush & Midwood PUMA,10544,6043,4501,49752.73795523521,35313.43703458547,69138.80670962008,3356,1328,2028,86125.08015494636,40777.10843373494,115820.39891518738,4716,3018,1698,36205.3647158609,36286.84559310802,36060.54181389871,2472,1697,775,26218.68932038835,29306.658809664114,19457.032258064515
28,"Rockland County (West)--Spring Valley, Suffern Villages & Monsey PUMA",6243,3441,2802,53376.533717763894,60010.897994768966,45229.19343326196,1936,1373,563,86792.61363636363,94071.4493809177,69041.56305506217,3552,1642,1910,40852.59009009009,39505.23751522534,42010.89005235602,755,426,329,26610.331125827815,29271.830985915494,23164.133738601824
29,"NYC-Manhattan Community District 1 & 2--Battery Park City, Greenwich Village & Soho PUMA",8099,4146,3953,105577.30584022719,106635.91413410516,104467.01239564887,6619,3056,3563,118645.58090345973,130203.69764397906,108732.13584058378,448,181,267,103686.38392857143,142005.52486187845,77709.73782771536,1032,909,123,22581.39534883721,20359.73597359736,39000.0
30,"NYC-Bronx Community District 4--Concourse, Highbridge & Mount Eden PUMA",12768,7126,5642,36573.33302005012,39727.82767330901,32589.12017015243,4532,2443,2089,45107.06443071492,45473.14776913631,44678.94494973672,6678,3811,2867,32912.5187181791,38008.344266596694,26138.821067317753,1558,872,686,27441.142490372273,31146.559633027522,22731.049562682216
31,NYC-Queens Community District 1--Astoria & Long Island City PUMA,16414,10949,5465,53733.19970756671,55395.981368161476,50401.85544373284,8217,4717,3500,68213.16782280638,73277.37969048123,61388.05714285714,6002,4650,1352,38159.60346551149,40202.10752688172,31134.71893491124,2195,1582,613,42111.70842824601,46739.190897597975,30169.331158238172
32,Erie County (West Central)--Buffalo City (West) PUMA,1566,1298,268,32267.943805874842,32543.60554699538,30932.83582089552,646,591,55,47995.510835913316,49204.90693739425,35000.0,868,707,161,19800.11520737327,18615.983026874117,25000.0,52,0,52,45000.0,0.0,45000.0
33,Schenectady County--Schenectady City PUMA,1675,1260,415,47227.34328358209,41311.74603174603,65187.951807228914,714,487,227,79668.06722689075,70193.01848049281,99995.59471365639,373,185,188,24554.959785522788,25972.972972972973,23159.574468085106,588,588,0,22217.34693877551,22217.34693877551,0.0
34,NYC-Brooklyn Community District 2--Brooklyn Heights & Fort Greene PUMA,4337,2179,2158,68496.905695181,48095.37402478201,89096.96941612604,2359,649,1710,99577.25307333616,87208.13559322034,104271.73099415205,1767,1530,237,30935.676287492926,31504.40522875817,27264.135021097045,211,0,211,35568.72037914692,0.0,35568.72037914692
35,"Steuben (North & West), Schuyler & Chemung (North) Counties PUMA",37,37,0,25000.0,25000.0,0.0,0,0,0,#DIV/0!,0.0,0.0,37,37,0,25000.0,25000.0,0.0,0,0,0,#DIV/0!,0.0,0.0
36,NYC-Brooklyn Community District 1--Greenpoint & Williamsburg PUMA,3838,1849,1989,59172.36842105263,56108.19361817199,62020.86475615887,1462,395,1067,89638.64569083447,116126.58227848102,79832.89597000937,1905,1160,745,44585.1968503937,44427.58620689655,44830.604026845635,471,294,177,23603.07855626327,21557.993197278913,27000.0
37,Suffolk County (Northwest)--Huntington Town (North) PUMA,3944,2925,1019,38895.70486815416,38655.95213675214,39583.90578999019,1036,910,126,49807.43243243243,46734.61538461538,72000.0,1348,547,801,45583.086053412466,59078.610603290675,36367.04119850187,1560,1468,92,25870.615384615383,26038.256130790192,23195.652173913044
38,Erie County (Northeast) PUMA,298,209,89,69093.95973154363,55933.01435406699,100000.0,298,209,89,69093.95973154363,55933.01435406699,100000.0,0,0,0,#DIV/0!,0.0,0.0,0,0,0,#DIV/0!,0.0,0.0
39,Monroe County (North & West) PUMA,385,163,222,95174.02597402598,60000.0,121000.0,222,0,222,121000.0,0.0,121000.0,163,163,0,60000.0,60000.0,0.0,0,0,0,#DIV/0!,0.0,0.0
40,Oneida County (Central)--Greater Utica & Rome Cities PUMA,1518,1083,435,35278.07641633729,38025.04155124654,28439.080459770114,309,309,0,76311.06796116506,76311.06796116506,0.0,712,454,258,25896.067415730337,21537.444933920706,33565.891472868214,497,320,177,23207.24346076459,24446.875,20966.101694915254
41,"NYC-Brooklyn Community District 12--Borough Park, Kensington & Ocean Parkway PUMA",4297,3277,1020,39921.400977426114,41084.62007934086,36184.27450980392,1880,1522,358,51756.48936170213,49716.75427069645,60428.21229050279,1603,941,662,33797.916406737364,41342.614240170034,23073.504531722054,814,814,0,24646.191646191644,24646.191646191644,0.0
42,Erie County (West Central)--Buffalo City (East) PUMA,203,0,203,27382.758620689656,0.0,27382.758620689656,73,0,73,37100.0,0.0,37100.0,48,0,48,30000.0,0.0,30000.0,82,0,82,17200.0,0.0,17200.0
43,Suffolk County (Northwest)--Smithtown Town PUMA,1503,479,1024,80228.07717897538,86937.36951983298,77089.6484375,640,411,229,79038.75,81467.15328467153,74680.34934497817,863,68,795,81110.0811123986,120000.0,77783.64779874214,0,0,0,#DIV/0!,0.0,0.0
44,Nassau County (Northeast)--Oyster Bay Town (North) & Glen Cove City PUMA,5244,3147,2097,82613.42105263157,93011.21067683508,67009.29899856939,2863,1503,1360,113538.3793223891,141265.7884231537,82895.51470588235,1236,636,600,61524.91909385113,79425.78616352202,42550.0,1145,1008,137,28052.052401746725,29631.944444444445,16427.73722627737
45,NYC-Manhattan Community District 8--Upper East Side PUMA,7626,4395,3231,128715.60280618936,148050.2632536974,102415.4379449087,7032,3958,3074,134686.3462741752,158860.56265790804,103560.27325959662,594,437,157,58031.64983164983,50139.13043478261,80000.0,0,0,0,#DIV/0!,0.0,0.0
46,Suffolk County (Southwest)--Islip Town (South) PUMA,3116,2029,1087,47010.04492939666,52202.46426811237,37317.847286108554,876,614,262,64597.03196347032,68180.78175895766,56198.47328244275,1504,840,664,40462.16755319149,44827.380952380954,34939.909638554214,736,575,161,39458.15217391304,45914.434782608696,16400.0
47,"NYC-Brooklyn Community District 6--Park Slope, Carroll Gardens & Red Hook PUMA",2146,853,1293,91250.89468779124,68217.46776084408,106446.1871616396,1801,508,1293,103645.43031649083,96516.73228346456,106446.1871616396,188,188,0,32851.063829787236,32851.063829787236,0.0,157,157,0,19000.0,19000.0,0.0
48,Erie County (South) PUMA,362,333,29,25814.723756906078,25435.435435435436,30170.0,29,0,29,30170.0,0.0,30170.0,333,333,0,25435.435435435436,25435.435435435436,0.0,0,0,0,#DIV/0!,0.0,0.0
49,Albany County (Outside Albany City) PUMA,3356,2737,619,83046.45411203815,90276.726342711,51076.736672051695,2894,2473,421,90244.95507947478,94852.64860493327,63178.85985748219,462,264,198,37954.545454545456,47412.121212121216,25344.444444444445,0,0,0,#DIV/0!,0.0,0.0
50,NYC-Staten Island Community District 2--New Springville & South Beach PUMA,6030,3418,2612,51526.79933665008,57035.78115857227,44317.87901990812,2269,1210,1059,76995.06390480387,90311.98347107437,61779.32011331445,3319,2095,1224,37463.03103344381,38465.775656324586,35746.73202614379,442,113,329,26391.402714932126,45000.0,20000.0
51,Erie County (North Central) PUMA,1824,1091,733,120131.69956140351,129327.13107241063,106445.18417462482,1561,1025,536,137882.9083920564,135594.0487804878,142259.92537313432,66,66,0,32000.0,32000.0,0.0,197,0,197,9000.0,0.0,9000.0
52,"NYC-Staten Island Community District 3--Tottenville, Great Kills & Annadale PUMA",2410,1759,651,65504.80497925311,65091.9840818647,66620.24577572965,926,656,270,101168.59611231102,104366.46341463414,93398.96296296296,1228,914,314,45399.64169381108,41217.06783369803,57574.3949044586,256,189,67,32944.140625,44232.804232804236,1100.0
53,"NYC-Manhattan Community District 12--Washington Heights, Inwood & Marble Hill PUMA",18623,9282,9341,31699.249691242014,33513.92587804353,29896.035435178248,3839,1586,2253,37335.71242511071,31209.331651954602,41648.37993786063,11364,5559,5805,31301.827437522,38312.59219284044,24588.159689922482,3420,2137,1283,26692.795321637426,22741.488067384184,33274.20109119252
54,NYC-Manhattan Community District 7--Upper West Side & West Side PUMA,6278,2784,3494,103324.49187639376,132194.74137931035,80320.83571837435,4798,2302,2496,112972.52188411838,145217.2719374457,83233.97435897436,1480,482,998,72046.62162162163,70000.0,73035.07014028056,0,0,0,#DIV/0!,0.0,0.0
55,"NYC-Queens Community District 5--Ridgewood, Glendale & Middle Village PUMA",9630,4768,4862,52293.172377985466,54696.68624161074,49936.12710818593,3460,1275,2185,67812.54335260116,75011.60784313726,63611.716247139586,4954,2767,2187,45047.91077916835,50405.49331405855,38269.478737997255,1216,726,490,37651.72697368421,35374.65564738292,41025.510204081635
56,"NYC-Brooklyn Community District 15--Sheepshead Bay, Gerritsen Beach & Homecrest PUMA",5097,2737,2360,47797.72415146165,50841.870661308,44267.28813559322,2501,1323,1178,58758.480607756894,62622.04081632653,54419.354838709674,2059,1051,1008,38767.479358912096,42621.16079923882,34749.40476190476,537,363,174,31373.92923649907,31709.090909090908,30674.712643678162
57,"NYC-Queens Community District 12--Jamaica, Hollis & St. Albans PUMA",13410,8093,5317,38308.60178970917,37259.08068701347,39906.07673500094,5031,2979,2052,48158.757702246075,42715.172876804296,56061.505847953216,5789,3658,2131,35752.565209880806,36140.650628758885,35086.391365556075,2590,1456,1134,24888.04633204633,28905.728021978022,19729.541446208113
58,Suffolk County (North Central)--Brookhaven Town (North) PUMA,1139,856,283,125035.3643546971,137362.0093457944,87750.53003533569,864,581,283,118978.33333333333,134189.12220309812,87750.53003533569,275,275,0,144065.45454545456,144065.45454545456,0.0,0,0,0,#DIV/0!,0.0,0.0
59,Albany County (East Central)--Albany City PUMA,361,247,114,40496.95290858726,37137.651821862346,47775.43859649123,236,178,58,53559.32203389831,44943.8202247191,80000.0,56,0,56,14400.0,0.0,14400.0,69,69,0,17000.0,17000.0,0.0
60,NYC-Manhattan Community District 3--Chinatown & Lower East Side PUMA,5544,2792,2752,100152.09108946609,74742.54763610315,125930.95930232559,3388,1562,1826,141160.94126328218,102378.34122919335,174336.41840087622,1637,851,786,36082.07941356139,42987.85428907168,28605.216284987277,519,379,140,34534.79768786127,32146.5963060686,41000.0
61,Rensselaer County--Troy City PUMA,1188,792,396,33639.0404040404,30778.257575757576,39360.606060606064,577,268,309,43679.549393414214,42374.253731343284,44811.65048543689,248,161,87,51810.48387096774,69000.0,20000.0,363,363,0,5264.683195592286,5264.683195592286,0.0
62,Warren & Washington Counties PUMA,108,91,17,33401.851851851854,37400.0,12000.0,91,91,0,37400.0,37400.0,0.0,17,0,17,12000.0,0.0,12000.0,0,0,0,#DIV/0!,0.0,0.0
63,Orange County (Northeast)--Greater Newburgh City PUMA,2465,1190,1275,49493.16024340771,57135.83193277311,42360.0,823,328,495,65687.72782503038,103250.0,40797.979797979795,973,408,565,34858.828365878726,38724.60784313725,32067.256637168142,669,454,215,50855.00747384156,40365.63876651983,73004.6511627907
64,"Rockland County (South)--Orangetown, Clarkstown (South) & Ramapo (Southeast) Towns PUMA",4902,2700,2202,98527.95797633618,79543.9074074074,121805.40417801998,2444,1476,968,91738.6047463175,95670.4268292683,85743.38842975207,1862,941,921,130629.43071965629,66742.82678002125,195903.36590662322,596,283,313,26078.691275167785,38000.0,15300.0
65,Fulton & Montgomery Counties PUMA,302,183,119,41546.35761589404,65311.475409836065,5000.0,255,136,119,41831.37254901961,74058.82352941176,5000.0,47,47,0,40000.0,40000.0,0.0,0,0,0,#DIV/0!,0.0,0.0
66,NYC-Brooklyn Community District 11--Bensonhurst & Bath Beach PUMA,16120,8493,7627,49387.88548387097,48879.95407983045,49953.48944539137,8143,3836,4307,61662.389045806216,59202.10375391032,63853.625261202695,6196,3201,2995,40810.713363460294,47807.77257107154,33332.38731218698,1781,1456,325,23106.513194834362,24042.23901098901,18914.46153846154
67,Monroe County (Central)--Rochester City (East) PUMA,1513,678,835,31137.11169861203,28219.174041297934,33506.40718562874,318,51,267,42805.81761006289,100000.0,31881.086142322096,751,337,414,23484.953395472705,26562.61127596439,20979.710144927536,444,290,154,35722.97297297297,17520.689655172413,70000.0
68,Chautauqua County PUMA,93,93,0,25118.279569892475,25118.279569892475,0.0,32,32,0,12000.0,12000.0,0.0,0,0,0,#DIV/0!,0.0,0.0,61,61,0,32000.0,32000.0,0.0
69,Nassau County (Northwest)--North Hempstead Town (North) PUMA,5987,3938,2049,78925.14447970602,76737.08989334687,83130.3953147877,3738,1926,1812,87226.5115034778,86471.07995846313,88029.4701986755,2181,2012,169,66818.03759743237,67419.16500994036,59661.420118343194,68,0,68,10911.764705882353,0.0,10911.764705882353
70,"Clinton, Franklin, Essex & Hamilton Counties PUMA",480,317,163,38381.666666666664,36881.07255520505,41300.0,377,214,163,42966.57824933687,44235.98130841122,41300.0,103,103,0,21600.0,21600.0,0.0,0,0,0,#DIV/0!,0.0,0.0
71,NYC-Queens Community District 6--Forest Hills & Rego Park PUMA,12362,6168,6194,76823.22714771073,91229.84435797666,62477.08330642557,7957,3393,4564,96951.11147417368,131416.66961391098,71328.4912357581,3860,2472,1388,40841.072538860106,42219.344660194176,38386.397694524494,545,303,242,37802.20183486238,41065.01650165016,33716.94214876033
72,Monroe County (Central)--Rochester City (West) PUMA,2119,1404,715,26478.00849457291,28331.33903133903,22838.74125874126,345,226,119,64864.057971014496,72743.36283185841,49900.0,1713,1117,596,18336.71920607122,18817.547000895254,17435.57046979866,61,61,0,38000.0,38000.0,0.0
73,Orange County (Southeast) PUMA,2983,1644,1339,101806.48675829702,72844.19099756691,137365.8700522778,1394,834,560,164404.08895265425,105291.36690647482,252439.82142857142,1302,523,779,51495.73732718894,46808.5086042065,54642.61874197689,287,287,0,26000.0,26000.0,0.0
74,Rockland County (North)--New City & Congers PUMA,6656,3320,3336,56453.25570913462,56010.26204819277,56894.12470023981,2192,1250,942,90350.18248175182,87507.84,94121.86836518046,3504,1567,1937,45176.332762557075,41351.79961710274,48270.31491997935,960,503,457,20216.041666666668,23401.59045725646,16709.84682713348
75,Westchester County (Southeast) PUMA,10005,6596,3409,68342.15892053973,79144.31473620376,47441.302434731595,3694,2333,1361,111369.11207363292,136067.5096442349,69031.59441587068,4561,2633,1928,47979.39048454286,58385.33991644512,33768.36099585062,1750,1630,120,30589.6,31203.55828220859,22250.0
76,"NYC-Manhattan Community District 9--Hamilton Heights, Manhattanville & West Harlem PUMA",10081,5277,4804,38640.45233607777,38334.75459541406,38976.24895920067,3794,2230,1564,57973.08908803374,48991.88340807175,70778.77237851663,3922,1988,1934,30628.65884752677,35895.17102615694,25215.09824198552,2365,1059,1306,20912.854122621564,20473.087818696884,21269.448698315467
77,Nassau County (Southwest)--Hempstead Town (Southwest) & Long Beach City PUMA,4350,2364,1986,71285.05747126437,73832.82571912014,68252.36656596173,2364,773,1591,93067.76649746193,125658.47347994825,77233.3123821496,1292,897,395,58524.613003095976,70170.34559643255,32078.481012658227,694,694,0,20841.49855907781,20841.49855907781,0.0
78,NYC-Queens Community District 2--Sunnyside & Woodside PUMA,21519,14103,7416,45053.26269808077,43630.72395944125,47758.50323624595,9269,5731,3538,61570.97421512569,60908.54999127552,62643.99660825325,9113,5955,3158,29137.671458356195,25093.064651553315,36764.53451551615,3137,2417,720,42482.69046860057,48335.95366156392,22833.61111111111
79,"NYC-Bronx Community District 11--Pelham Parkway, Morris Park & Laconia PUMA",8956,5248,3708,46605.31933899062,46026.03658536585,47425.188781014025,2881,1832,1049,65658.18812912183,60010.50218340611,75521.44899904671,5333,2674,2659,38354.24714044628,40356.245325355274,36340.95524633321,742,742,0,31930.99730458221,31930.99730458221,0.0
80,Onondaga County (Central)--Syracuse City (Outer) PUMA,804,281,523,49925.87064676617,40577.935943060496,54948.374760994266,687,233,454,55424.163027656476,44817.16738197425,60867.84140969163,117,48,69,17641.02564102564,20000.0,16000.0,0,0,0,#DIV/0!,0.0,0.0
81,Wayne & Seneca Counties PUMA,761,612,149,48402.10249671485,27539.21568627451,134093.9597315436,692,612,80,47245.66473988439,27539.21568627451,198000.0,69,0,69,60000.0,0.0,60000.0,0,0,0,#DIV/0!,0.0,0.0
82,"NYC-Bronx Community District 7--Bedford Park, Fordham North & Norwood PUMA",11967,7625,4342,37932.36968329573,40533.543344262296,33364.44035006909,3436,2352,1084,47398.428405122235,46411.39455782313,49540.03690036901,6421,3886,2535,36817.660800498365,40176.32527020072,31669.033530571993,2110,1387,723,25909.700473933648,31567.028118240807,15056.7081604426
83,Nassau County (West Central)--Hempstead Town (Northwest) PUMA,8753,5575,3178,64341.55146806809,70240.57399103139,53993.203272498424,3967,2371,1596,90236.92966977565,106589.20286798819,65944.17293233082,3856,2437,1419,43946.70643153527,44255.23184242922,43416.84284707541,930,767,163,38444.30107526882,40440.93872229465,29049.079754601225
84,NYC-Brooklyn Community District 18--Canarsie & Flatlands PUMA,12666,6556,6110,49092.588030948995,50216.10738255033,47887.05728314239,5166,2004,3162,65193.80952380953,76335.12974051897,58132.70714737508,5806,3505,2301,42189.838098518776,42612.95292439372,41545.32811820947,1694,1047,647,23648.937426210152,25676.026743075454,20368.624420401855
85,"NYC-Bronx Community District 12--Wakefield, Williamsbridge & Woodlawn PUMA",4596,2875,1721,50248.68363794604,60165.37391304348,33682.452062754215,1821,972,849,52763.37177375069,67584.56790123456,35794.93521790342,2503,1631,872,47424.7103475829,55871.52053954629,31625.688073394496,272,272,0,59400.0,59400.0,0.0
86,Suffolk County (South Central)--Brookhaven Town (South) PUMA,2676,2158,518,38801.49476831091,39892.86376274328,34254.82625482626,530,235,295,31496.22641509434,34191.48936170213,29349.15254237288,1693,1470,223,45098.05079740106,45758.50340136055,40744.39461883408,453,453,0,23816.335540838852,23816.335540838852,0.0
87,NYC-Queens Community District 4--Elmhurst & South Corona PUMA,30464,21260,9204,41400.994944852944,40817.062558795864,42749.80008691873,11403,8381,3022,56323.41576778041,56365.344230998686,56207.13434811383,15232,10006,5226,32409.022452731093,30038.859684189487,36947.07233065442,3829,2873,956,32731.723687646907,32998.2492168465,31930.753138075313
88,Livingston & Wyoming Counties PUMA,166,0,166,31000.0,0.0,31000.0,0,0,0,#DIV/0!,0.0,0.0,166,0,166,31000.0,0.0,31000.0,0,0,0,#DIV/0!,0.0,0.0
89,"NYC-Bronx Community District 10--Co-op City, Pelham Bay & Schuylerville PUMA",5186,2445,2741,49870.01349787891,63665.9672801636,37563.88179496534,2280,1223,1057,56920.96052631579,72484.70155355682,38912.961210974456,2286,941,1345,52854.98687664042,67521.25398512221,42594.05204460966,620,281,339,12934.838709677419,12373.665480427046,13400.0
90,Cattaraugus & Allegany Counties PUMA,332,162,170,308474.0060240964,587010.0,43045.58823529412,324,162,162,315932.6234567901,587010.0,44855.246913580246,8,0,8,6400.0,0.0,6400.0,0,0,0,#DIV/0!,0.0,0.0
91,Herkimer (North & Central) & Oneida (Outer) Counties PUMA,45,45,0,30188.88888888889,30188.88888888889,0.0,9,9,0,90100.0,90100.0,0.0,36,36,0,15211.111111111111,15211.111111111111,0.0,0,0,0,#DIV/0!,0.0,0.0
92,Orange County (Northwest) PUMA,2716,1019,1697,44070.50810014728,51421.78606476938,39656.27578078963,1178,350,828,54352.03735144313,58197.142857142855,52726.69082125604,1461,592,869,36785.62628336756,50852.7027027027,27202.53164556962,77,77,0,25000.0,25000.0,0.0
93,Columbia & Greene Counties PUMA,420,333,87,93042.85714285714,111603.60360360361,22000.0,246,246,0,144000.0,144000.0,0.0,174,87,87,21000.0,20000.0,22000.0,0,0,0,#DIV/0!,0.0,0.0
94,Suffolk County (East) PUMA,3592,2489,1103,34813.32962138085,35039.60626757734,34302.71985494107,734,417,317,57401.49863760218,54008.393285371705,61864.98422712934,1650,1158,492,33539.393939393936,34436.96027633851,31426.829268292684,1208,914,294,22828.460264900663,27148.884026258205,9396.938775510203
95,Monroe County (East) PUMA,1376,696,680,58207.41279069767,46287.35632183908,70407.94117647059,517,159,358,94021.27659574468,85000.0,98027.93296089386,757,435,322,36201.321003963014,33611.49425287356,39700.0,102,102,0,40000.0,40000.0,0.0
96,Sullivan & Ulster (West) Counties PUMA,1430,448,982,47859.3006993007,42405.80357142857,50347.25050916497,352,122,230,57219.318181818184,44673.770491803276,63873.913043478264,1047,295,752,44897.80324737345,41552.542372881355,46210.10638297872,31,31,0,41600.0,41600.0,0.0
97,Cayuga & Onondaga (South) Counties PUMA,144,144,0,86437.5,86437.5,0.0,103,103,0,96961.16504854368,96961.16504854368,0.0,41,41,0,60000.0,60000.0,0.0,0,0,0,#DIV/0!,0.0,0.0
98,"NYC-Bronx Community District 1 & 2--Hunts Point, Longwood & Melrose PUMA",10815,6051,4764,33242.77669902913,35562.62601222938,30296.2174643157,2329,986,1343,42634.56419063976,38909.63488843814,45369.32241250931,6364,3897,2467,31618.562225015714,37811.68847831665,21835.5816781516,2122,1168,954,27805.93779453346,25233.219178082192,30955.765199161426
99,Suffolk County (Southwest)--Babylon Town (Southeast) PUMA,2345,1463,882,38759.0618336887,37639.37115516063,40616.32653061225,778,587,191,48761.69665809769,54647.3594548552,30673.298429319373,995,448,547,34984.3216080402,18527.678571428572,48462.52285191956,572,428,144,31720.27972027972,34317.7570093458,24000.0
100,Onondaga County (Central)--Syracuse City PUMA,2823,1718,1105,34402.97555791711,35376.42607683353,32889.50226244344,1139,665,474,53716.59350307287,52961.65413533834,54775.738396624474,1114,715,399,21024.326750448832,23208.671328671328,17110.02506265664,570,338,232,21956.666666666668,26517.751479289942,15311.637931034482
101,Ulster County (East) PUMA,2453,1615,838,42688.13697513249,45425.386996904024,37412.88782816229,580,450,130,88111.03448275862,87276.44444444444,91000.0,963,692,271,34874.35098650052,36956.64739884393,29557.19557195572,910,473,437,22006.153846153848,17999.154334038056,26343.24942791762
102,NYC-Queens Community District 9--Richmond Hill & Woodhaven PUMA,19950,12349,7601,42563.46065162907,46968.70191918374,35406.46493882384,5386,3181,2205,55439.31303379131,59289.437283873,49885.00680272109,11722,7064,4658,39137.922709435246,44954.78907134768,30316.466294547015,2842,2104,738,32290.70021111893,35102.742395437264,24273.71273712737
103,NYC-Brooklyn Community District 13--Brighton Beach & Coney Island PUMA,3156,2005,1151,50681.06463878327,47857.55610972569,55599.51346655082,1098,587,511,63069.8451730419,56673.59454855196,70417.39726027397,1610,1019,591,42241.335403726705,43473.012757605495,40117.68189509306,448,399,49,50647.767857142855,46085.21303258145,87800.0
104,Broome County (West Central)--Greater Binghamton City & Greater Johnson City Village PUMA,1205,826,379,76447.13692946058,98136.68280871671,29176.51715039578,896,604,292,95408.14732142857,126739.40397350994,30599.657534246577,309,222,87,21466.343042071196,20316.666666666668,24400.0,0,0,0,#DIV/0!,0.0,0.0
105,Nassau County (South Central)--Hempstead Town (Southeast) PUMA,3936,1798,2138,41943.82621951219,40514.12680756396,43146.16463985033,1486,556,930,54872.27456258412,59987.76978417266,51813.978494623654,2253,1045,1208,33463.249001331555,29983.923444976077,36473.096026490064,197,197,0,41411.16751269036,41411.16751269036,0.0
106,Saratoga County (Outer) PUMA,273,42,231,23141.391941391943,30000.0,21894.372294372293,126,0,126,14828.57142857143,0.0,14828.57142857143,147,42,105,30266.666666666668,30000.0,30373.333333333332,0,0,0,#DIV/0!,0.0,0.0
107,"NYC-Manhattan Community District 4 & 5--Chelsea, Clinton & Midtown Business District PUMA",8503,4176,4327,84904.46077854875,90108.74042145594,79881.79570140975,5193,3113,2080,113962.03158097439,110465.14616125924,119195.59134615384,2064,773,1291,44935.9496124031,34432.21216041397,51225.17428350116,1246,290,956,30008.025682182986,20000.0,33043.9330543933
108,NYC-Brooklyn Community District 4--Bushwick PUMA,5618,4301,1317,34147.926308294765,34435.770750988144,33207.8967350038,682,447,235,46127.346041055716,51753.57941834452,35425.53191489362,3276,2511,765,36392.12454212454,37730.147351652726,32000.261437908495,1660,1343,317,24797.349397590362,22512.28592702904,34478.233438485804
109,Suffolk County (Central)--Islip Town (East) PUMA,789,567,222,66887.45247148289,59287.47795414462,86298.1981981982,316,167,149,105243.67088607595,103832.33532934132,106825.5033557047,394,321,73,44523.350253807104,44551.40186915888,44400.0,79,79,0,25000.0,25000.0,0.0
110,Westchester County (Southwest)--Yonkers City PUMA,11555,7029,4526,56510.471657291215,58548.45639493527,53345.426425099424,4943,2487,2456,77125.61197653247,84724.72858866103,69430.57817589576,5102,3342,1760,43619.75695805567,47555.0867743866,36147.10227272727,1510,1200,310,32581.854304635763,34914.666666666664,23551.612903225807
111,Nassau County (West Central)--North Hempstead Town (South) PUMA,11430,5829,5601,72262.15721784777,75554.95144964832,68835.32315657918,7055,3823,3232,87302.22423812898,84636.88516871567,90454.94430693069,3504,1431,2073,50749.36215753425,63503.84346610762,41944.893873613124,871,575,296,36984.500574052814,45163.47826086957,21096.283783783783
112,"NYC-Queens Community District 8--Briarwood, Fresh Meadows & Hillcrest PUMA",17009,8332,8677,52721.166323710975,62044.11305808929,43768.90261611156,7899,4416,3483,67920.12913026965,78951.05298913043,53934.323858742464,8345,3359,4986,37229.02552426603,37692.378684132185,36916.87083834737,765,557,208,64780.39215686275,74856.37342908439,37798.07692307692
113,Jefferson & Lewis Counties PUMA,260,260,0,119492.30769230769,119492.30769230769,0.0,260,260,0,119492.30769230769,119492.30769230769,0.0,0,0,0,#DIV/0!,0.0,0.0,0,0,0,#DIV/0!,0.0,0.0
114,Suffolk County (Central)--Brookhaven Town (West Central) PUMA,2290,1246,1044,86828.76855895197,116893.40288924558,50947.030651340996,1136,814,322,132799.3661971831,152735.84766584766,82400.93167701863,543,206,337,50944.75138121547,68679.61165048544,40103.857566765575,611,226,385,33248.445171849424,31744.24778761062,34131.42857142857
115,Suffolk County (Northwest)--Huntington Town (South) PUMA,3655,1766,1889,85825.06155950752,99879.95469988674,72685.33615669666,1617,930,687,109468.52195423625,130394.62365591398,81140.61135371179,1641,576,1065,45463.98537477148,71251.04166666667,31517.183098591548,397,260,137,156356.6750629723,54155.38461538462,350315.3284671533
116,NYC-Brooklyn Community District 16--Brownsville & Ocean Hill PUMA,3292,2064,1228,36668.985419198056,39357.751937984496,32149.75570032573,771,452,319,52842.801556420236,52034.95575221239,53987.46081504702,1047,701,346,41995.319961795605,49634.522111269616,26518.20809248555,1474,911,563,24425.644504748983,25160.04390779363,23237.300177619894
117,"NYC-Staten Island Community District 1--Port Richmond, Stapleton & Mariner's Harbor PUMA",8633,4887,3746,50632.74643808641,47815.039901780234,54308.70261612387,3055,1507,1548,70503.8952536825,62549.43596549436,78247.67441860466,4256,2310,1946,44598.237781954886,48472.683982683986,39999.07502569373,1322,1070,252,24139.939485627838,25643.17757009346,17757.14285714286
118,Chemung (South) & Steuben (East) Counties--Greater Elmira & Greater Corning Cities PUMA,988,631,357,199346.35627530364,288971.7908082409,40932.773109243695,988,631,357,199346.35627530364,288971.7908082409,40932.773109243695,0,0,0,#DIV/0!,0.0,0.0,0,0,0,#DIV/0!,0.0,0.0
119,Monroe County (Central)--Greece & Gates Towns PUMA,1385,563,822,41713.35740072202,47081.70515097691,38036.49635036496,449,449,0,50910.9131403118,50910.9131403118,0.0,936,114,822,37301.282051282054,32000.0,38036.49635036496,0,0,0,#DIV/0!,0.0,0.0
120,NYC-Queens Community District 3--Jackson Heights & North Corona PUMA,27222,18136,9086,41655.91690544412,43015.47033524482,38942.19678626458,6801,4454,2347,60958.991324805174,56721.57611136058,69000.5112910098,13458,8453,5005,37167.362906821225,41435.91269371821,29958.16183816184,6963,5229,1734,31477.36607784001,33894.22451711608,24189.158016147634
121,"NYC-Queens Community District 14--Far Rockaway, Breezy Point & Broad Channel PUMA",3074,1808,1266,53785.16590761223,50467.9203539823,58522.59083728278,1655,883,772,62409.06344410876,59315.968289920726,65946.89119170984,744,427,317,49502.68817204301,50955.50351288056,47545.74132492114,675,498,177,37360.88888888889,34361.44578313253,45800.0
122,NYC-Brooklyn Community District 10--Bay Ridge & Dyker Heights PUMA,7257,4323,2934,54664.405401681135,55536.581077955125,53379.32856169053,4121,2090,2031,68871.82479980588,73547.67464114832,64060.14278680453,2053,1338,715,32188.699464198733,34923.46786248132,27071.04895104895,1083,895,188,43209.04893813481,44293.1843575419,38047.87234042553
123,Broome (Outer West) & Tioga Counties PUMA,89,89,0,60100.0,60100.0,0.0,89,89,0,60100.0,60100.0,0.0,0,0,0,#DIV/0!,0.0,0.0,0,0,0,#DIV/0!,0.0,0.0
124,Putnam County PUMA,3143,1836,1307,48419.5672923958,42808.44226579521,56301.7597551645,1489,466,1023,73559.97313633311,101451.50214592274,60854.740957966766,997,997,0,25802.306920762287,25802.306920762287,0.0,657,373,284,25764.07914764079,15000.0,39901.40845070423
125,"NYC-Brooklyn Community District 17--East Flatbush, Farragut & Rugby PUMA",6854,2875,3979,37239.9007878611,33567.06086956522,39893.68685599397,1737,354,1383,54527.91018998273,56737.28813559322,53962.38611713666,4174,2087,2087,31404.14470531864,30550.359367513178,32257.930043124103,943,434,509,31226.299045599153,29174.423963133642,32975.83497053045
126,"NYC-Queens Community District 11--Bayside, Douglaston & Little Neck PUMA",13633,7301,6332,58201.162033301545,60174.9897274346,55925.27511054959,7886,3835,4051,69373.97539944205,75660.10430247718,63423.02394470501,4572,2621,1951,44935.88626421697,45064.669973292635,44762.87647360328,1175,845,330,34830.97872340425,36765.20710059172,29878.18181818182
127,Nassau County (Central)--Hempstead Town (Northeast) PUMA,5987,3469,2518,58889.04292634041,58830.67166330355,58969.45988880064,1800,858,942,70449.5,62432.51748251748,77751.59235668789,3797,2269,1528,55736.00210692652,60743.278977523136,48300.458115183246,390,342,48,36230.769230769234,37105.26315789474,30000.0
128,Suffolk County (Central)--Brookhaven Town (Central) PUMA,5102,2864,2238,58184.82947863583,54868.01675977654,62429.401251117066,1936,831,1105,85719.00826446281,81626.95547533092,88796.38009049774,2986,1853,1133,41971.5338245144,45186.18456556935,36714.03353927626,180,180,0,31000.0,31000.0,0.0
129,NYC-Manhattan Community District 10--Central Harlem PUMA,5344,3356,1988,48820.13473053892,43318.26579261025,58107.99798792756,3139,2004,1135,65578.84676648614,58693.612774451096,77735.68281938326,1462,706,756,30755.882352941175,25325.920679886687,35826.71957671957,743,646,97,13563.526244952895,15284.82972136223,2100.0
130,"NYC-Bronx Community District 5--Morris Heights, Fordham South & Mount Hope PUMA",10139,5761,4378,31487.266988854917,33668.93247700052,28616.418455915944,2486,1857,629,35916.33145615447,37638.12600969306,30833.068362480128,6379,3229,3150,31982.113183884623,33049.495199752244,30887.961904761905,1274,675,599,20366.954474097332,25712.444444444445,14343.238731218698
131,NYC-Manhattan Community District 11--East Harlem PUMA,8761,4864,3897,50909.434996005024,41800.69078947369,62278.419296895045,2130,1113,1017,90005.99061032863,92091.42857142857,87723.69714847591,4683,2688,1995,45754.17467435405,28968.675595238095,68370.4260651629,1948,1063,885,20553.388090349075,21592.662276575727,19305.084745762713
132,Westchester County (Northwest) PUMA,6896,3400,3496,55635.72215777262,57621.51176470588,53704.46224256293,3035,1331,1704,93991.34761120264,116232.11119459053,76619.01408450704,3274,1528,1746,26315.210751374467,20310.20942408377,31570.446735395188,587,541,46,20858.94378194208,18806.284658040666,45000.0
133,Onondaga County (North) PUMA,1261,335,926,51917.84298176051,50068.65671641791,52586.82505399568,755,74,681,63210.596026490064,75000.0,61929.515418502204,506,261,245,35067.98418972332,43000.0,26617.95918367347,0,0,0,#DIV/0!,0.0,0.0
134,NYC-Brooklyn Community District 8--Crown Heights North & Prospect Heights PUMA,3326,1502,1824,40978.38244137102,39062.916111850864,42555.70175438596,949,448,501,57195.67966280295,36857.142857142855,75382.63473053892,2003,922,1081,35511.382925611586,39782.2125813449,31868.732654949123,374,132,242,29107.219251336897,41525.0,22333.88429752066
135,NYC-Brooklyn Community District 3--Bedford-Stuyvesant PUMA,2629,1815,814,36922.175732217576,34874.82093663912,41487.22358722359,893,809,84,30700.783874580065,31500.370828182942,23000.0,1491,761,730,39165.39235412475,34897.50328515112,43614.520547945205,245,245,0,45946.93877551021,45946.93877551021,0.0
136,Genesee & Orleans Counties PUMA,281,129,152,23729.893238434164,30062.01550387597,18355.92105263158,14,14,0,12000.0,12000.0,0.0,206,54,152,24029.611650485436,40000.0,18355.92105263158,61,61,0,25409.83606557377,25409.83606557377,0.0
137,Westchester County (Central)--White Plains City PUMA,9345,5726,3619,71324.151952916,60609.80614739784,88276.44376899696,4930,2307,2623,98196.55172413793,89212.72214997833,106098.07472359893,2993,2311,682,45096.82592716338,45915.880571181304,42321.40762463343,1422,1108,314,33361.74402250352,31702.527075812275,39216.56050955414
138,Saratoga County (South & Central) PUMA,1108,593,515,89619.99097472924,93812.81618887016,84792.1359223301,890,411,479,100081.96629213484,111000.0,90713.88308977036,218,182,36,46908.25688073395,55000.0,6000.0,0,0,0,#DIV/0!,0.0,0.0
139,Monroe County (South) PUMA,3653,1793,1860,91680.39419655078,130855.49358616844,53916.44086021505,2793,1403,1390,107120.40100250626,156303.56379187456,57477.25179856115,584,390,194,28841.095890410958,39307.692307692305,7800.0,276,0,276,68398.55072463768,0.0,68398.55072463768
140,Suffolk County (Central)--Islip Town (Northwest) PUMA,15915,8855,7060,40825.41753063148,44777.348390739695,35868.71104815864,2018,685,1333,47558.07730426164,54775.766423357665,43849.06226556639,11173,6130,5043,39051.706793162084,41562.71125611746,35999.46460440214,2724,2040,684,43112.922173274594,51079.705882352944,19352.33918128655
141,St. Lawrence County PUMA,318,0,318,36129.24528301887,0.0,36129.24528301887,19,0,19,33000.0,0.0,33000.0,299,0,299,36328.09364548495,0.0,36328.09364548495,0,0,0,#DIV/0!,0.0,0.0
142,Nassau County (West Central)--Hempstead Town (West Central) PUMA,7608,3740,3868,54069.62407991588,50686.41711229947,57340.873836608065,3205,1436,1769,62785.553822152884,60780.779944289694,64412.94516676088,4352,2253,2099,47874.310661764706,44607.634265423876,51380.657455931396,51,51,0,35000.0,35000.0,0.0
143,Nassau County (Central)--Hempstead Town (North Central)--Meadowbrook Corridor PUMA,6750,4277,2473,40635.444444444445,40602.314706570025,40692.741609381315,1402,604,798,61784.59343794579,52386.09271523179,68898.24561403508,3184,1868,1316,33907.0351758794,38953.586723768734,26743.693009118542,2164,1805,359,36833.29482439926,38365.42936288089,29129.944289693594
144,"NYC-Bronx Community District 9--Castle Hill, Clason Point & Parkchester PUMA",9944,6272,3672,38510.35800482703,39788.791454081635,36326.71568627451,3269,1725,1544,48634.475374732334,48276.115942028984,49034.844559585494,5871,4142,1729,35204.30931698177,37586.648961854175,29497.165991902835,804,405,399,21488.059701492537,26160.74074074074,16745.112781954886
145,Nassau County (Southeast)--Oyster Bay Town (South) PUMA,2911,1470,1441,46745.01889385091,55452.857142857145,37861.936155447605,498,228,270,76475.70281124498,100789.47368421052,55944.07407407407,2312,1242,1070,40198.89705882353,47130.19323671498,32153.41121495327,101,0,101,50000.0,0.0,50000.0
146,Capital Region,8489,6095,2394,66049.50288608788,70573.90976210008,54530.59732664996,5774,4154,1620,84112.1839279529,89686.88011555128,69817.56172839506,1695,921,774,34738.99705014749,44995.43973941368,22534.625322997417,1020,1020,0,15831.254901960785,15831.254901960785,0.0
147,Central NY,5537,2940,2597,41702.14376015893,39400.84013605442,44307.39314593762,2717,1108,1609,58441.51637835849,56871.75090252708,59522.4984462399,2250,1494,756,26490.608888888888,29358.480589022758,20823.14814814815,570,338,232,21956.666666666668,26517.751479289942,15311.637931034482
148,Finger Lakes,12434,6237,6197,54505.16567476275,61794.22799422799,47169.05438115217,5471,2914,2557,86578.98556022665,100971.13932738504,70177.44622604614,6019,2809,3210,26807.875062302708,27821.89391242435,25920.529595015578,944,514,430,45219.279661016946,25348.249027237354,68972.09302325582
149,Long Island,123009,71978,51031,58991.0944483737,62102.86340270638,54602.01906684173,46914,24849,22065,82461.94807520144,89858.91794438408,74131.68275549513,58176,33271,24905,46977.19686812431,51853.07054191338,40463.43686006826,17919,13858,4061,36546.14096768793,36941.271467744264,35197.77394730362
150,Mid-Hudson,94639,52614,42025,61853.70006022887,62629.46117003079,60882.47114812612,38432,19058,19374,92606.61558076603,104657.1224682548,80752.65871786932,41852,22990,18862,44964.47577176718,43391.71552849065,46881.438871805745,14355,10566,3789,28760.824103099963,28682.139882642437,28980.242808128794
151,Mohawk Valley,1961,1368,593,36929.209586945435,41657.36842105263,26021.753794266442,637,490,147,59996.73469387755,74153.10204081633,12808.843537414967,814,545,269,27573.710073710074,23133.94495412844,36568.773234200744,510,333,177,23049.529411764706,24156.936936936938,20966.101694915254
152,New York City,553712,318050,235662,50992.74905365967,51274.49607923283,50612.50259269632,219808,116582,103226,73983.71946880914,75282.05903141137,72517.39293395074,259082,150756,108326,37646.387325248375,39421.02705033299,35176.64242194856,74822,50712,24110,29664.835663307582,31321.267510648366,26180.763832434674
153,North Country,1058,577,481,57637.33459357278,74106.23916811091,37881.49688149688,656,474,182,73008.23170731707,85515.82278481012,40433.51648351648,402,103,299,32554.4776119403,21600.0,36328.09364548495,0,0,0,#DIV/0!,0.0,0.0
154,Southern Tier,4718,2910,1808,89110.38575667655,120681.06529209622,38296.95796460177,3938,2300,1638,98734.94159471813,140302.65217391305,40367.58241758242,780,610,170,40518.717948717946,46698.03278688525,18345.882352941175,0,0,0,#DIV/0!,0.0,0.0
155,Western NY,7496,5062,2434,67568.67796157951,74285.67957329119,53599.3015612161,3699,2570,1129,113848.51851851853,121555.86381322957,96303.89725420726,2965,2262,703,22358.765598650927,23838.877099911584,17596.301564722617,832,230,602,22927.16346153846,42226.086956521736,15553.820598006645
