,puma,Total_geo,Total_geo_m,Total_geo_f,Total_Avg_PINCP_mf_t,Total_Avg_PINCP_m,Total_Avg_PINCP_f,Total_BABS,Total_BABS_m,Total_BABS_f,BABS_Avg_PINCP_mf_t,BABS_Avg_PINCP_m,BABS_Avg_PINCP_f,Total_HS,Total_HS_m,Total_HS_f,HS_Avg_PINCP_mf_t,HS_Avg_PINCP_m,HS_Avg_PINCP_f,Total_HSINC,Total_HSINC_m,Total_HSINC_f,HSINC_Avg_PINCP_mf_t,HSINC_Avg_PINCP_m,HSINC_Avg_PINCP_f
0,Total Geo,4858204,2648270,2209934,73103.27338930189,82842,61432,2262913,1135719,1127194,100195.29573651307,120392,79845,2407050,1381552,1025498,50655.465348871025,56375,42949,188241,130999,57242,34461.8869640514,36417,29986
1,"NYC-Manhattan Community District 6--Murray Hill, Gramercy & Stuyvesant Town PUMA",56000,27523,28477,148031.29725,169047,127719,49767,24107,25660,154769.65189784396,181624,129539,6171,3416,2755,94864.58920758386,80288,112937,62,0,62,31000.0,0,31000
2,Tompkins County PUMA,24152,12032,12120,62408.90953130175,72398,52491,13401,6565,6836,79709.04208641146,95467,64575,10006,5031,4975,41941.0263841695,45410,38432,745,436,309,26117.046979865772,36456,11528
3,Westchester County (South Central)--New Rochelle & Mount Vernon Cities PUMA,45433,24016,21417,102347.78209671384,122030,80276,24906,13040,11866,146257.90588613186,181050,108023,18860,9554,9306,51455.85790031814,56610,46163,1667,1422,245,22081.52369526095,20355,32101
4,"NYC-Queens Community District 7--Flushing, Murray Hill & Whitestone PUMA",30896,18404,12492,64844.34133868462,65018,64587,13775,7829,5946,72917.55862068966,66773,81006,16133,10145,5988,60813.23064526127,65310,53193,988,430,558,18108.856275303642,26175,11892
5,Madison & Cortland Counties PUMA,38792,21754,17038,50178.307047844915,55109,43882,12977,6275,6702,70346.26030669647,80426,60908,24329,14273,10056,40696.56652554565,46014,33147,1486,1206,280,29291.184387617766,31016,21859
6,NYC-Brooklyn Community District 5--East New York & Starrett City PUMA,22361,11028,11333,42118.71070166808,44543,39759,4769,1433,3336,56326.949045921574,60048,54728,15526,8496,7030,39010.03478036841,41987,35411,2066,1099,967,32683.189738625362,44087,19722
7,Dutchess County (Southwest) PUMA,46577,25206,21371,66518.54481825794,76390,54875,20054,10066,9988,87992.98823177422,104807,71047,25092,14549,10543,50849.13024071417,58226,40668,1431,591,840,40332.98392732355,39542,40889
8,"NYC-Bronx Community District 3 & 6--Belmont, Crotona Park East & East Tremont PUMA",17274,7423,9851,41196.9179113118,46058,37533,4137,1433,2704,56934.053662073966,70803,49583,9046,3725,5321,43757.45965067433,51794,38130,4091,2265,1826,19620.972867269615,20970,17946
9,Dutchess County (North & East) PUMA,38965,21990,16975,68604.43705889901,71959,64258,16413,8005,8408,90721.14531164321,100346,81556,21259,12993,8266,53639.82605014347,57503,47567,1293,992,301,33903.070378963654,32234,39401
10,Erie County (Central) PUMA,53883,28352,25531,53275.211810775196,61579,44053,15796,7444,8352,68936.64320081033,84995,54623,37273,20330,16943,46984.42416762804,53675,38956,814,578,236,37413.48894348894,38009,35953
11,Suffolk County (West Central)--Babylon Town (Northwest) PUMA,26401,13435,12966,63074.61800689368,72880,52914,8608,4372,4236,85023.98815055762,91954,77871,16203,8270,7933,55170.18823674628,67027,42809,1590,793,797,24794.930817610064,28759,20849
12,"Otsego, Schoharie, Oneida (South) & Herkimer (South) Counties PUMA",33752,20149,13603,52059.456032235124,58844,42008,10608,5277,5331,77416.93420060331,99217,55836,21782,13870,7912,41445.16490680378,45898,33638,1362,1002,360,24312.29074889868,25426,21211
13,NYC-Brooklyn Community District 7--Sunset Park & Windsor Terrace PUMA,22022,11779,10243,60621.76664244846,62890,58012,13236,5634,7602,74759.66492898157,84877,67261,7643,5325,2318,41741.164464215624,45252,33674,1143,820,323,23154.768153980753,26366,15000
14,Westchester County (Northeast) PUMA,37221,21476,15745,154805.2291985707,192391,103538,28013,15808,12205,170572.72373540857,222480,103341,8629,5359,3270,110413.5387646309,112973,106218,579,309,270,53529.01554404145,30399,80000
15,Nassau County (East Central)--Oyster Bay Town (Central) PUMA,24505,15711,8794,98793.4947969802,111922,75336,14411,8797,5614,126740.85004510444,150593,89364,9654,6740,2914,60713.37683861612,63723,53750,440,174,266,18966.5,23879,15752
16,Niagara County (Southwest)--Greater Niagara Falls & North Tonawanda Area PUMA,31987,19587,12400,52502.93469221871,57936,43920,10039,6156,3883,73457.1630640502,85171,54885,20679,12613,8066,43867.63924754582,46210,40204,1269,818,451,27451.536643026004,33787,15960
17,Nassau County (Central)--Hempstead Town (East Central) PUMA,32949,18630,14319,96139.88992078666,110473,77490,17841,8497,9344,110091.16041701699,136562,86019,14014,9413,4601,74312.67589553304,79963,62752,1094,720,374,148225.77696526507,201475,45713
18,Niagara County (North & East) PUMA,36445,20199,16246,54920.093840032925,62576,45400,12843,6875,5968,70592.43136338862,80701,58947,22972,12924,10048,46070.769806721226,52531,37761,630,400,230,58105.555555555555,75642,27606
19,"NYC-Queens Community District 13--Queens Village, Cambria Heights & Rosedale PUMA",30580,14566,16014,59270.40647482014,68054,51280,11605,4889,6716,70959.6234381732,84253,61282,18409,9677,8732,53089.47797273073,59870,45574,566,0,566,20633.21554770318,0,20633
20,"Chenango, Delaware & Broome (East) Counties PUMA",35245,19654,15591,45209.55278762945,48983,40452,7498,2726,4772,59037.572686049614,70024,52761,25036,14626,10410,42209.25339511104,47164,35247,2711,2302,409,34672.11361121357,35623,29318
21,Oswego County PUMA,39083,22426,16657,48622.824450528366,52881,42889,10255,4839,5416,67809.22086786933,75398,61028,26488,15874,10614,41773.476593174266,46565,34606,2340,1713,627,42071.1282051282,47797,26426
22,"NYC-Brooklyn Community District 9--Crown Heights South, Prospect Lefferts & Wingate PUMA",21141,11022,10119,55068.58048342084,58871,50926,13207,6531,6676,65451.015370636786,74312,56781,7772,4329,3443,38036.19402985075,36814,39572,162,162,0,25777.777777777777,25777,0
23,NYC-Queens Community District 10--Howard Beach & Ozone Park PUMA,17594,8898,8696,54149.95487097874,57289,50937,6600,3258,3342,71001.16666666667,76029,66099,10094,5228,4866,44610.9972260749,45596,43551,900,412,488,37559.11111111111,57473,20746
24,Ontario & Yates Counties PUMA,44454,26100,18354,55548.26429567643,64411,42944,13435,6536,6899,87096.24086341645,121971,54055,26759,16381,10378,43405.60667438993,46775,38087,4260,3183,1077,32327.2103286385,36983,18566
25,"NYC-Bronx Community District 8--Riverdale, Fieldston & Kingsbridge PUMA",20851,11367,9484,84514.97693156204,98248,68054,12690,6439,6251,107386.96485421591,136777,77112,7607,4621,2986,49561.95609307217,49759,49255,554,307,247,40547.65342960289,20000,66086
26,Erie County (Northwest) PUMA,36810,20473,16337,51885.9087204564,57202,45223,15054,7546,7508,67658.16394313803,81123,54124,20794,12411,8383,41393.49812445898,43352,38492,962,516,446,31868.91891891892,40485,21900
27,NYC-Brooklyn Community District 14--Flatbush & Midwood PUMA,27348,14433,12915,66727.06728097118,73764,58862,15934,7853,8081,82380.15438684574,94156,70935,10090,5403,4687,48162.14033696729,56131,38975,1324,1177,147,19826.63141993958,18645,29282
28,"Rockland County (West)--Spring Valley, Suffern Villages & Monsey PUMA",15507,8691,6816,65751.08189849745,74622,54439,6565,3271,3294,88981.36481340442,112317,65807,7874,4503,3371,49342.09639319278,52901,44587,1068,917,151,43932.30337078652,46825,26364
29,"NYC-Manhattan Community District 1 & 2--Battery Park City, Greenwich Village & Soho PUMA",60342,35239,25103,170015.1504756223,196915,132253,54869,31535,23334,175760.2436712898,205078,136137,5283,3514,1769,113764.03558584138,130246,81023,190,190,0,75000.0,75000,0
30,"NYC-Bronx Community District 4--Concourse, Highbridge & Mount Eden PUMA",13578,6043,7535,41419.44402710267,43557,39704,3061,1189,1872,51998.69683110095,44399,56825,8662,3858,4804,41066.578157469405,45419,37571,1855,996,859,25609.973045822102,35341,14326
31,NYC-Queens Community District 1--Astoria & Long Island City PUMA,43085,22817,20268,62052.65011024719,67100,56370,29339,14825,14514,70246.03019871161,76702,63650,11968,6917,5051,47706.99866310161,52819,40705,1778,1075,703,23415.517435320584,26557,18611
32,Erie County (West Central)--Buffalo City (West) PUMA,30500,17023,13477,52936.95750819672,57971,46577,15124,8438,6686,69128.6891034118,76222,60176,14174,7855,6319,37775.754903344154,41003,33763,1202,730,472,27987.820299500832,29601,25492
33,Schenectady County--Schenectady City PUMA,48053,23947,24106,54850.846273905896,60388,49349,17905,8059,9846,75037.14716559621,88348,64141,28660,15051,13609,43496.41646894626,46513,40159,1488,837,651,30645.362903225807,40686,17734
34,NYC-Brooklyn Community District 2--Brooklyn Heights & Fort Greene PUMA,44468,22996,21472,104345.44593865251,119468,88149,34579,17625,16954,115048.37126579716,134004,95342,9205,4945,4260,68226.40521455731,72118,63708,684,426,258,49344.444444444445,67708,19021
35,"Steuben (North & West), Schuyler & Chemung (North) Counties PUMA",35116,18682,16434,45978.34035767172,51819,39338,8143,3636,4507,63773.18433009947,72205,56970,25005,13547,11458,40295.44731053789,46925,32456,1968,1499,469,44554.21747967479,46597,38023
36,NYC-Brooklyn Community District 1--Greenpoint & Williamsburg PUMA,51131,29119,22012,70885.87805832078,77600,62002,36491,19025,17466,79339.28149406704,90316,67382,12372,8600,3772,47774.08745554478,49871,42993,2268,1494,774,60950.22045855379,75298,33254
37,Suffolk County (Northwest)--Huntington Town (North) PUMA,29690,15923,13767,110988.63954193331,133745,84668,19490,10796,8694,135706.64484350948,162240,102757,9913,5051,4862,63646.14143044487,73934,52958,287,76,211,67616.72473867596,61000,70000
38,Erie County (Northeast) PUMA,42324,24105,18219,65226.99021831585,75021,52268,17218,9426,7792,78467.71541410152,90817,63528,24571,14144,10427,56232.62585975337,65358,43853,535,535,0,52183.47663551402,52183,0
39,Monroe County (North & West) PUMA,37663,20524,17139,50712.13323420864,52897,48094,13730,5917,7813,70217.9018208303,73474,67751,22692,13668,9024,39481.02511898467,44885,31294,1241,939,302,40270.63658340048,39851,41573
40,Oneida County (Central)--Greater Utica & Rome Cities PUMA,40458,21032,19426,53423.09199663849,62815,43253,14222,7291,6931,75689.30417662776,93571,56878,25114,12844,12270,41487.63924504261,46693,36038,1122,897,225,38340.10695187166,43693,16997
41,"NYC-Brooklyn Community District 12--Borough Park, Kensington & Ocean Parkway PUMA",19705,13769,5936,64545.573204770364,69840,52262,9200,6135,3065,81479.6695652174,86056,72318,8543,5987,2556,52226.9998829451,60796,32154,1962,1647,315,38777.930682976556,42314,20288
42,Erie County (West Central)--Buffalo City (East) PUMA,34762,19175,15587,41025.9177262528,44263,37042,6580,3605,2975,60119.05623100304,62817,56848,24799,13362,11437,37775.94507843058,40774,34273,3383,2208,1175,27713.242684008277,35086,13857
43,Suffolk County (Northwest)--Smithtown Town PUMA,38655,21933,16722,101507.77061182253,111814,87989,22405,11583,10822,116340.99321580004,129177,102602,16029,10129,5900,80631.47545074552,91957,61186,221,221,0,111859.72850678733,111859,0
44,Nassau County (Northeast)--Oyster Bay Town (North) & Glen Cove City PUMA,25808,15594,10214,159994.3288902666,190998,112659,17344,10301,7043,197645.26983394835,236490,140830,8411,5293,3118,83203.43359885864,102463,50508,53,0,53,25471.69811320755,0,25471
45,NYC-Manhattan Community District 8--Upper East Side PUMA,75606,35085,40521,158076.3269978573,207572,115219,69224,31304,37920,161709.33749855543,215850,117014,6382,3781,2601,118669.94672516453,139042,89055,0,0,0,#DIV/0!,0,0
46,Suffolk County (Southwest)--Islip Town (South) PUMA,33359,20201,13158,77287.91420606134,82939,68611,14444,7381,7063,93733.11617280531,101953,85142,17540,11782,5758,67748.39794754847,76324,50199,1375,1038,337,26225.090909090908,22814,36729
47,"NYC-Brooklyn Community District 6--Park Slope, Carroll Gardens & Red Hook PUMA",45732,23499,22233,119853.05820869413,143968,94364,39130,19672,19458,128683.19105545618,157155,99898,6216,3607,2609,69314.15572715572,78189,57043,386,220,166,38575.12953367876,43272,32349
48,Erie County (South) PUMA,60113,33414,26699,65200.66228602798,73591,54699,24137,11760,12377,86990.45929485852,100292,74351,34996,21119,13877,50972.603611841354,59336,38243,980,535,445,36613.73469387755,49376,21269
49,Albany County (Outside Albany City) PUMA,67166,35585,31581,69085.28962570349,77727,59347,29888,15185,14703,95644.71229255889,110737,80056,36248,19864,16384,48107.21700507614,53477,41596,1030,536,494,36663.1067961165,41197,31742
50,NYC-Staten Island Community District 2--New Springville & South Beach PUMA,24225,10894,13331,69914.80487100103,89136,54206,9611,3545,6066,82024.38227031527,108704,66432,13133,6272,6861,64740.813980050254,86312,45021,1481,1077,404,37210.46590141796,41176,26638
51,Erie County (North Central) PUMA,34406,18470,15936,80929.50299366389,86716,74222,22215,11262,10953,88476.38802610849,97055,79655,11253,6270,4983,70327.81658224473,76724,62278,938,938,0,29380.170575692962,29380,0
52,"NYC-Staten Island Community District 3--Tottenville, Great Kills & Annadale PUMA",42589,22525,20064,75552.6960013149,89130,60309,18848,8188,10660,89189.03650254669,110971,72458,22648,13592,9056,65426.77543270929,78246,46185,1093,745,348,50222.506861848124,47641,55747
53,"NYC-Manhattan Community District 12--Washington Heights, Inwood & Marble Hill PUMA",33965,17747,16218,60187.71423524216,61934,58276,20839,9330,11509,73238.02524113441,77843,69504,10720,6729,3991,43679.254291044774,49045,34630,2406,1688,718,20709.434746467166,25382,9723
54,NYC-Manhattan Community District 7--Upper West Side & West Side PUMA,61585,30977,30608,157870.41162620767,192429,122894,53658,27284,26374,167502.39311938573,199995,133888,7778,3544,4234,94293.3774749293,141939,54412,149,149,0,8000.0,8000,0
55,"NYC-Queens Community District 5--Ridgewood, Glendale & Middle Village PUMA",32662,17341,15321,64965.117261649626,72144,56838,13243,6937,6306,85990.87668957184,97858,72935,17529,9211,8318,52301.630440983514,57011,47086,1890,1193,697,35088.99470899471,39466,27596
56,"NYC-Brooklyn Community District 15--Sheepshead Bay, Gerritsen Beach & Homecrest PUMA",16339,8865,7474,70863.46740926617,78183,62180,7893,4105,3788,85246.49740276195,97927,71504,7306,3999,3307,59398.931015603615,65075,52534,1140,761,379,44753.508771929824,40568,53155
57,"NYC-Queens Community District 12--Jamaica, Hollis & St. Albans PUMA",38412,20069,18343,47199.0513381235,47936,46392,11373,4315,7058,62194.97054427152,63294,61522,24433,14188,10245,42271.87656038964,45646,37598,2606,1566,1040,27950.03837298542,26363,30339
58,Suffolk County (North Central)--Brookhaven Town (North) PUMA,29590,17189,12401,94954.94896924637,112677,70390,14849,8123,6726,123219.34877769547,154601,85318,14333,8658,5675,67598.88578804159,77366,52696,408,408,0,27299.019607843136,27299,0
59,Albany County (East Central)--Albany City PUMA,31807,16001,15806,55970.48159210237,60597,51286,13245,5845,7400,71899.18142695357,87406,59650,17762,9486,8276,45429.51525729085,46904,43739,800,670,130,26286.75,20579,55700
60,NYC-Manhattan Community District 3--Chinatown & Lower East Side PUMA,43562,26215,17347,79521.80255727468,85791,70047,32016,18369,13647,95180.7946964018,106374,80113,9402,5826,3576,39055.369070410554,43184,32328,2144,2020,124,23144.524253731342,21495,50000
61,Rensselaer County--Troy City PUMA,53006,27845,25161,62174.46236275139,62521,61789,15967,7467,8500,77000.05949771403,85792,69275,34177,18354,15823,54893.902390496536,55723,53931,2862,2024,838,66404.85674353599,38315,134248
62,Warren & Washington Counties PUMA,39396,22204,17192,54407.69012082445,62224,44312,10781,4398,6383,89347.08375846397,133767,58740,27003,16625,10378,41887.458800873974,45237,36520,1612,1181,431,30463.6476426799,34919,18254
63,Orange County (Northeast)--Greater Newburgh City PUMA,34511,19916,14595,64906.39882935875,71228,56278,10608,5850,4758,89155.14328808447,99779,76092,22664,13530,9134,56316.32412636781,61202,49078,1239,536,703,14425.988700564973,12701,15740
64,"Rockland County (South)--Orangetown, Clarkstown (South) & Ramapo (Southeast) Towns PUMA",29023,16503,12520,101706.8694139131,110111,90628,17941,9565,8376,110879.99058023522,127528,91868,10671,6648,4023,89102.15162590198,88228,90545,411,290,121,28543.795620437955,37324,7500
65,Fulton & Montgomery Counties PUMA,31477,17744,13733,42415.2581885186,43983,40388,7341,2985,4356,57325.022748944284,58651,56416,21635,12555,9080,38231.59648717356,41940,33103,2501,2204,297,34842.66293482607,35758,28045
66,NYC-Brooklyn Community District 11--Bensonhurst & Bath Beach PUMA,19036,10430,8606,55021.9836100021,63365,44910,7006,3501,3505,61009.57465029974,70073,51956,10411,5686,4725,55630.74632600135,66915,42050,1619,1243,376,25196.849907350217,28232,15162
67,Monroe County (Central)--Rochester City (East) PUMA,32776,17693,15083,41233.950634610694,43198,38929,15573,8133,7440,52681.86386694921,58206,46642,14935,8515,6420,31903.932373619016,31042,33046,2268,1045,1223,24067.050264550264,25441,22892
68,Chautauqua County PUMA,40180,22930,17250,43998.72986560478,49306,36943,10142,4298,5844,62025.73654111615,78799,49689,28783,17469,11314,38491.13177917521,43677,30483,1255,1163,92,24632.43027888446,24871,21613
69,Nassau County (Northwest)--North Hempstead Town (North) PUMA,22874,15327,7547,158196.26068899187,185320,103110,19088,13056,6032,172238.4605511316,199695,112809,3687,2172,1515,89262.688364524,106537,64496,99,99,0,18000.0,18000,0
70,"Clinton, Franklin, Essex & Hamilton Counties PUMA",54575,30662,23913,48088.99543747137,51912,43186,16309,6861,9448,61357.73339873689,73889,52257,35805,21737,14068,43350.08283759251,47010,37694,2461,2064,397,29103.590410402274,30484,21926
71,NYC-Queens Community District 6--Forest Hills & Rego Park PUMA,18209,8823,9386,91544.29150420122,105787,78155,12774,5162,7612,100997.28620635666,131793,80113,5010,3236,1774,73149.83433133732,75010,69756,425,425,0,24258.823529411766,24258,0
72,Monroe County (Central)--Rochester City (West) PUMA,22421,11309,11112,38590.99237322153,41552,35576,5594,2570,3024,63152.39184840901,74619,53406,15526,7798,7728,30814.476362231097,32580,29032,1301,941,360,25786.779400461182,25595,26286
73,Orange County (Southeast) PUMA,34538,19689,14849,77352.34165267242,83728,68898,14492,6713,7779,99898.21943141043,115981,86018,18615,11602,7013,62318.7633628794,69850,49858,1431,1374,57,44588.67924528302,43327,75000
74,Rockland County (North)--New City & Congers PUMA,23935,13857,10078,85545.70064758722,98900,67183,12719,6969,5750,101051.50522839846,120651,77296,10580,6679,3901,70360.87429111531,77627,57918,636,209,427,28056.918238993712,53450,15627
75,Westchester County (Southeast) PUMA,24587,14588,9999,137465.7762638793,161164,102889,16826,10441,6385,174168.6824557233,202734,127456,7555,4046,3509,58255.511581733954,57329,59322,206,101,105,44603.88349514563,23400,65000
76,"NYC-Manhattan Community District 9--Hamilton Heights, Manhattanville & West Harlem PUMA",22932,10823,12109,89731.39403453689,86783,92366,14332,6268,8064,114411.96274072006,111123,116968,7417,3564,3853,52847.010651206685,61447,44891,1183,991,192,21979.543533389686,23951,11800
77,Nassau County (Southwest)--Hempstead Town (Southwest) & Long Beach City PUMA,33378,18615,14763,100118.12181676553,124639,69199,21127,12438,8689,124719.03867089507,151034,87049,11968,5968,6000,54149.318181818184,71427,36963,283,209,74,207577.73851590106,73236,587000
78,NYC-Queens Community District 2--Sunnyside & Woodside PUMA,23068,13134,9934,67394.80405756892,73696,59063,14108,7535,6573,82236.77629713637,93538,69281,7689,4548,3141,46001.67772142021,49380,41109,1271,1051,220,32069.23682140047,36665,10113
79,"NYC-Bronx Community District 11--Pelham Parkway, Morris Park & Laconia PUMA",25121,14636,10485,50110.722105011744,47552,53682,7150,2765,4385,69940.09090909091,66373,72188,14258,8950,5308,45550.68031982045,47328,42552,3713,2921,792,29436.628063560463,30419,25812
80,Onondaga County (Central)--Syracuse City (Outer) PUMA,56124,30652,25472,63616.509407740006,73939,51194,25465,13745,11720,83302.28195562537,102324,60993,29205,16088,13117,48253.01708611539,51934,43737,1454,819,635,27435.3507565337,29818,24361
81,Wayne & Seneca Counties PUMA,39689,22639,17050,48097.651893471746,54367,39772,10828,5057,5771,65697.24750646472,83086,50459,27767,16647,11120,41851.3019051392,46612,34723,1094,935,159,32443.15356489945,37105,5023
82,"NYC-Bronx Community District 7--Bedford Park, Fordham North & Norwood PUMA",17894,8974,8920,41742.86744160054,38762,44741,5363,1643,3720,49664.01640872646,35318,56000,11255,6404,4851,38188.27632163483,40387,35284,1276,927,349,39803.84012539185,33639,56177
83,Nassau County (West Central)--Hempstead Town (Northwest) PUMA,27096,15952,11144,85999.2651313847,99884,66124,14149,7826,6323,104139.26652060216,128202,74355,12407,7650,4757,67069.85540420731,74076,55802,540,476,64,45618.351851851854,49062,20000
84,NYC-Brooklyn Community District 18--Canarsie & Flatlands PUMA,31269,16353,14916,59796.879177460105,66110,52875,14184,6426,7758,73140.57494359842,85619,62803,16210,9249,6961,47348.86489821098,50996,42502,875,678,197,74100.11428571428,87374,28413
85,"NYC-Bronx Community District 12--Wakefield, Williamsbridge & Woodlawn PUMA",21032,9056,11976,48322.02206162039,53591,44337,6273,1167,5106,65980.5464689941,96619,58977,13943,7279,6664,40902.35960697124,47192,34031,816,610,206,39351.96078431373,47634,14825
86,Suffolk County (South Central)--Brookhaven Town (South) PUMA,40193,20774,19419,64672.13892966437,66332,62895,10245,3296,6949,94626.53977550025,115388,84778,28570,16434,12136,55592.55582779139,58606,51510,1378,1044,334,30217.024673439766,33078,21273
87,NYC-Queens Community District 4--Elmhurst & South Corona PUMA,9442,5869,3573,50871.31328108451,51854,49255,4588,2558,2030,64757.93591979076,72152,55439,4374,3158,1216,37593.85688157293,36835,39564,480,153,327,39129.166666666664,22516,46902
88,Livingston & Wyoming Counties PUMA,33556,19397,14159,46512.69826558589,50613,40895,7301,3520,3781,66401.00945076018,77290,56262,23830,14377,9453,43009.75270667226,47009,36926,2425,1500,925,21057.28907216495,22554,18629
89,"NYC-Bronx Community District 10--Co-op City, Pelham Bay & Schuylerville PUMA",34471,17850,16621,55369.297380406715,53724,57135,12466,3472,8994,65987.7747473127,79427,60799,20651,13259,7392,50235.62297225316,47911,54404,1354,1119,235,35905.16986706056,42857,2800
90,Cattaraugus & Allegany Counties PUMA,38499,22430,16069,44350.925608457364,46546,41286,9426,4632,4794,62578.738595374496,71025,54417,26194,15553,10641,39156.33064824006,41114,36293,2879,2245,634,31934.063911080237,33665,25803
91,Herkimer (North & Central) & Oneida (Outer) Counties PUMA,38658,21634,17024,48702.48916136375,53529,42568,8765,3941,4824,67221.37923559612,78861,57711,28181,16399,11782,43833.374862496006,48975,36676,1712,1294,418,34040.36214953271,34092,33878
92,Orange County (Northwest) PUMA,36360,19790,16570,62746.37486248625,69886,54219,11524,5353,6171,85345.11541131552,94976,76990,23331,13155,10176,53700.88208820882,64050,40321,1505,1282,223,29930.76411960133,25003,58254
93,Columbia & Greene Counties PUMA,34035,18330,15705,56678.03278977523,65259,46662,10447,5077,5370,80956.82540442233,105268,57971,22133,11986,10147,46931.319342158764,51910,41049,1455,1267,188,30618.556701030928,31219,26565
94,Suffolk County (East) PUMA,39535,22779,16756,81840.30405969394,94134,65126,17739,9627,8112,112046.55961440894,139271,79736,21507,12863,8644,57801.83010182731,62092,51416,289,289,0,16673.148788927334,16673,0
95,Monroe County (East) PUMA,47854,24903,22951,64734.75212103481,73477,55248,25782,12592,13190,77051.26902490109,89728,64948,21443,11682,9761,50866.726204355735,58158,42140,629,629,0,32664.22893481717,32664,0
96,Sullivan & Ulster (West) Counties PUMA,31353,17031,14322,52810.46560137786,55434,49690,8136,3446,4690,82481.01868239921,93560,74339,21296,12227,9069,42722.59861006762,45803,38569,1921,1358,563,38979.958355023424,45398,23498
97,Cayuga & Onondaga (South) Counties PUMA,39578,22081,17497,54395.5195310526,61654,45234,12484,6279,6205,72567.22444729254,89278,55656,25522,14318,11204,45794.04952589922,50597,39655,1572,1484,88,49733.40330788804,51456,20676
98,"NYC-Bronx Community District 1 & 2--Hunts Point, Longwood & Melrose PUMA",15650,7436,8214,38656.624792332266,37163,40008,2527,491,2036,50122.67906608627,59485,47864,10708,4939,5769,37827.68957788569,37543,38071,2415,2006,409,30334.272463768117,30764,28224
99,Suffolk County (Southwest)--Babylon Town (Southeast) PUMA,30029,17951,12078,72471.48982650106,80387,60706,11530,5911,5619,83786.00346921076,91589,75576,17844,11516,6328,66537.31495180452,76532,48348,655,524,131,34964.73282442748,38743,19851
100,Onondaga County (Central)--Syracuse City PUMA,26413,12671,13742,44691.58626433953,48737,40960,9785,5004,4781,58409.78783852836,61889,54767,14532,6374,8158,37366.31530415634,41045,34491,2096,1293,803,31436.92748091603,35758,24477
101,Ulster County (East) PUMA,42491,21202,21289,60662.18514508955,67388,53963,16994,6738,10256,76135.10280098858,86342,69429,23922,13235,10687,50867.71891982276,59982,39579,1575,1229,346,42475.80952380953,43225,39812
102,NYC-Queens Community District 9--Richmond Hill & Woodhaven PUMA,18232,10315,7917,60118.905221588415,66271,52102,6787,3601,3186,75503.56269338442,84498,65336,10096,5608,4488,52812.23751980982,60105,43698,1349,1106,243,37400.18532246108,38191,33800
103,NYC-Brooklyn Community District 13--Brighton Beach & Coney Island PUMA,11323,6487,4836,40271.64973946834,40669,39737,3541,1795,1746,55922.648969217735,61887,49790,5361,2857,2504,36808.61592986383,35256,38579,2421,1835,586,25048.657579512597,28341,14736
104,Broome County (West Central)--Greater Binghamton City & Greater Johnson City Village PUMA,29256,16375,12881,50668.26739814055,59608,39302,10765,5877,4888,65635.41012540642,80493,47771,17366,9815,7551,43349.469653345615,49886,34852,1125,683,442,20425.556444444446,19627,21658
105,Nassau County (South Central)--Hempstead Town (Southeast) PUMA,30494,16450,14044,91820.88837148291,105263,76075,16610,7532,9078,108945.32269717038,134739,87544,13221,8458,4763,73071.02034641858,83306,54894,663,460,203,36700.452488687784,26330,60200
106,Saratoga County (Outer) PUMA,40313,22424,17889,60213.80418227371,63934,55550,15311,8350,6961,79652.00718437725,88959,68487,23789,13085,10704,46037.04258270629,50099,41070,1213,989,224,92887.05688375927,35688,345428
107,"NYC-Manhattan Community District 4 & 5--Chelsea, Clinton & Midtown Business District PUMA",57816,32096,25720,130645.79583506296,145173,112517,49320,26710,22610,140399.47347931872,158026,119576,7947,5260,2687,78375.73927268152,82852,69612,549,126,423,11044.262295081968,22200,7721
108,NYC-Brooklyn Community District 4--Bushwick PUMA,28407,14760,13647,45970.92111099377,48361,43385,13780,6499,7281,58724.28563134978,66909,51418,11626,6400,5226,34341.03733012214,33690,35137,3001,1861,1140,32464.6451182939,34043,29887
109,Suffolk County (Central)--Islip Town (East) PUMA,33432,19572,13860,77640.72939100263,84925,67353,15099,7124,7975,92129.57242201471,102038,83278,17084,11395,5689,67136.0050339499,78170,45033,1249,1053,196,46172.0904723779,42247,67257
110,Westchester County (Southwest)--Yonkers City PUMA,38592,20668,17924,63619.031949626864,67231,59454,18561,8583,9978,79644.73471256936,86926,73381,17816,10635,7181,50683.50696003592,56113,42641,2215,1450,765,33373.54401805869,32189,35618
111,Nassau County (West Central)--North Hempstead Town (South) PUMA,22441,12796,9645,83354.61993672296,96105,66438,12615,7240,5375,100610.99009116132,120347,74026,9329,5146,4183,61859.69407224783,65784,57031,497,410,87,48821.5291750503,48592,49900
112,"NYC-Queens Community District 8--Briarwood, Fresh Meadows & Hillcrest PUMA",27070,14592,12478,59284.86893239749,62375,55670,11522,4939,6583,79352.48220795002,94829,67740,14900,9196,5704,45354.19476510067,47046,42625,648,457,191,22784.876543209877,20087,29238
113,Jefferson & Lewis Counties PUMA,44948,27860,17088,50292.60460977129,56614,39986,11431,7067,4364,79800.44221852857,93479,57648,30995,18874,12121,40983.93569930634,45021,34696,2522,1919,603,30950.059476605868,34867,18482
114,Suffolk County (Central)--Brookhaven Town (West Central) PUMA,32112,18795,13317,72450.30181863478,81850,59183,12537,6332,6205,81925.55890563931,97047,66493,19004,12039,6965,66801.69227531046,74926,52757,571,424,147,52406.30472854641,51471,55102
115,Suffolk County (Northwest)--Huntington Town (South) PUMA,24600,15296,9304,111844.49142276423,133328,76524,15340,9582,5758,136239.76316818775,164379,89412,8753,5521,3232,74024.16565748886,83049,58607,507,193,314,26672.583826429982,30000,24627
116,NYC-Brooklyn Community District 16--Brownsville & Ocean Hill PUMA,17099,5459,11640,36602.04807298673,42490,33840,3984,1721,2263,44779.013554216865,45975,43869,10877,3059,7818,35477.207869817044,43561,32313,2238,679,1559,27512.618409294013,28835,26936
117,"NYC-Staten Island Community District 1--Port Richmond, Stapleton & Mariner's Harbor PUMA",34230,19029,15201,66402.27724218521,72572,58678,14154,6834,7320,80813.30648579907,94680,67866,18862,11256,7606,57238.1815290001,61384,51102,1214,939,275,40767.57001647446,45785,23633
118,Chemung (South) & Steuben (East) Counties--Greater Elmira & Greater Corning Cities PUMA,32046,17899,14147,56942.88653810148,65126,46588,11266,4912,6354,78615.9330729629,110209,54191,19990,12396,7594,45243.02651325663,47761,41132,790,591,199,43919.670886075946,54652,12045
119,Monroe County (Central)--Greece & Gates Towns PUMA,41729,22745,18984,50432.840949938894,55544,44308,13974,6835,7139,61241.654501216544,67705,55052,26157,14626,11531,45636.500363191495,51662,37992,1598,1284,314,34422.52816020025,35026,31952
120,NYC-Queens Community District 3--Jackson Heights & North Corona PUMA,17049,10140,6909,50304.974016071326,50576,49906,7440,3870,3570,64402.80940860215,63465,65418,8645,5402,3243,39824.661654135336,43492,33715,964,868,96,35485.89211618257,37198,20000
121,"NYC-Queens Community District 14--Far Rockaway, Breezy Point & Broad Channel PUMA",17016,8317,8699,79722.87552891397,88408,71418,6965,3228,3737,101386.503948313,135458,71955,8243,4087,4156,72120.73880868616,64364,79748,1808,1002,806,30927.101769911504,34909,25976
122,NYC-Brooklyn Community District 10--Bay Ridge & Dyker Heights PUMA,24285,14092,10193,80977.43907761993,84875,75588,13938,7035,6903,94289.14679294017,103776,84620,9666,6419,3247,66249.10821435961,71032,56791,681,638,43,17578.70778267254,15730,45000
123,Broome (Outer West) & Tioga Counties PUMA,37244,21203,16041,59321.50306089572,65002,51812,12203,6772,5431,93146.99500122921,107478,75276,23145,12911,10234,43464.710736660185,45829,40481,1896,1520,376,35182.77953586498,38619,21288
124,Putnam County PUMA,32192,18558,13634,92378.74981361828,102052,79211,16196,8679,7517,117576.87922943936,128190,105322,15307,9378,5929,68206.17220879336,81186,47675,689,501,188,37082.29317851959,39819,29787
125,"NYC-Brooklyn Community District 17--East Flatbush, Farragut & Rugby PUMA",20450,8076,12374,51363.08312958435,57544,47328,9987,3452,6535,63431.67117252428,75200,57214,10241,4533,5708,40560.6434918465,44965,37062,222,91,131,6763.063063063063,14400,1458
126,"NYC-Queens Community District 11--Bayside, Douglaston & Little Neck PUMA",21970,13488,8482,74432.97073281748,75265,73108,12820,7308,5512,88324.00421216848,90407,85561,9103,6180,2923,55151.93156102384,57360,50483,47,0,47,19800.0,0,19800
127,Nassau County (Central)--Hempstead Town (Northeast) PUMA,33120,19562,13558,75557.87457729469,82904,64957,15808,9031,6777,85840.95306174089,90546,79569,16791,10151,6640,65983.61741409088,75992,50682,521,380,141,72115.35508637236,85926,34893
128,Suffolk County (Central)--Brookhaven Town (Central) PUMA,38942,23021,15921,67556.32684505162,74254,57870,14289,7138,7151,83474.98985233397,100133,66846,22974,14295,8679,58643.281535648995,63416,50781,1679,1588,91,54040.26206075044,55498,28600
129,NYC-Manhattan Community District 10--Central Harlem PUMA,39109,16729,22380,72623.41205349153,89050,60344,22317,10718,11599,102138.21033293006,119430,86159,14923,4769,10154,34887.528110969644,39683,32634,1869,1242,627,21500.267522739432,16438,31527
130,"NYC-Bronx Community District 5--Morris Heights, Fordham South & Mount Hope PUMA",11040,3805,7235,34465.72155797102,28624,37537,2974,526,2448,52736.87491593813,51659,52968,7036,2901,4135,29332.73166571916,26681,31192,1030,378,652,16773.78640776699,11479,19843
131,NYC-Manhattan Community District 11--East Harlem PUMA,19816,9190,10626,57264.465078724264,62012,53158,10718,5003,5715,76974.64079119239,87773,67520,6806,3293,3513,37689.30355568616,34918,40286,2292,894,1398,23222.094240837698,17644,26789
132,Westchester County (Northwest) PUMA,34331,19479,14852,108811.18505141126,130988,79725,21844,11435,10409,132314.25489837027,169449,91518,12209,7828,4381,68548.67229093293,77581,52408,278,216,62,30264.280575539568,30340,30000
133,Onondaga County (North) PUMA,47468,26182,21286,60560.13967304289,64987,55113,22527,12359,10168,74217.45860522929,81891,64889,24298,13293,11005,48500.51156473784,50422,46178,643,530,113,37801.85069984448,36133,45628
134,NYC-Brooklyn Community District 8--Crown Heights North & Prospect Heights PUMA,28261,14856,13405,56230.270054138215,58528,53682,15247,7771,7476,70291.76965960517,69062,71569,12705,6869,5836,40442.76820149548,48044,31496,309,216,93,11520.0,13003,8073
135,NYC-Brooklyn Community District 3--Bedford-Stuyvesant PUMA,30457,13655,16802,49368.738549430345,50069,48799,14410,5467,8943,61432.70159611381,54436,65709,13637,7042,6595,40429.78587665909,49000,31277,2410,1146,1264,27816.36929460581,35802,20575
136,Genesee & Orleans Counties PUMA,33762,19972,13790,47415.92885492565,51783,41090,6828,3263,3565,66394.30492091388,72465,60837,24975,15200,9775,42806.97217217217,48008,34719,1959,1509,450,40026.61868300153,45093,23036
137,Westchester County (Central)--White Plains City PUMA,44327,25229,19098,125731.06844586821,152623,90205,30823,17078,13745,149304.13353664472,185644,104151,12640,7287,5353,75192.7818829114,90469,54396,864,864,0,24123.84259259259,24123,0
138,Saratoga County (South & Central) PUMA,40742,22896,17846,70020.8404840214,77267,60723,22578,11768,10810,79507.3461334042,94359,63338,17437,10850,6587,59408.018695876584,60432,57720,727,278,449,29951.30674002751,10779,41821
139,Monroe County (South) PUMA,57592,33505,24087,84823.73628281706,100843,62540,36592,21382,15210,104278.02339309138,126870,72517,20823,11997,8826,51018.54622292657,55009,45593,177,126,51,39932.20338983051,48000,20000
140,Suffolk County (Central)--Islip Town (Northwest) PUMA,20999,12077,8922,49416.452212010096,51868,46097,6019,2830,3189,65590.27247051006,71872,60014,13515,8194,5321,43827.66777654458,47839,37650,1465,1053,412,34523.7542662116,29462,47460
141,St. Lawrence County PUMA,29829,16919,12910,45178.733983707134,51597,36767,8772,4896,3876,62598.25581395349,73559,48752,19796,11125,8671,38581.6657910689,43633,32100,1261,898,363,27566.93100713719,30519,20263
142,Nassau County (West Central)--Hempstead Town (West Central) PUMA,28823,15721,13102,87075.6473649516,100662,70772,14272,7130,7142,116335.08576233184,145257,87461,13875,7926,5949,59458.48072072072,65906,50867,676,665,11,36184.34911242603,36779,220
143,Nassau County (Central)--Hempstead Town (North Central)--Meadowbrook Corridor PUMA,23193,9874,13319,59854.876040184536,64999,56041,9181,3608,5573,74242.41803725084,86762,66137,12526,5739,6787,51924.700622704775,53137,50898,1486,527,959,37810.0269179004,45175,33762
144,"NYC-Bronx Community District 9--Castle Hill, Clason Point & Parkchester PUMA",32654,14348,18306,46205.95718748086,51270,42236,7673,3249,4424,71209.65932490551,90734,56870,21228,9313,11915,40029.74420576597,42388,38186,3753,1786,1967,30020.303756994406,25798,33853
145,Nassau County (Southeast)--Oyster Bay Town (South) PUMA,38445,22954,15491,81268.33671478737,91490,66122,19266,10922,8344,94726.91295546558,112010,72102,18845,11698,7147,66159.89917750066,70449,59139,334,334,0,157392.8143712575,157392,0
146,Capital Region,354518,189232,165286,483401.4474313579,529917,429018,136122,66149,69973,649044.3628634905,794636,521658,207209,115301,91908,386190.89054342546,410295,355784,11187,7782,3405,343920.64441037585,253382,671492
147,Central NY,247458,135766,111692,322064.8863745483,357307,279272,93493,48501,44992,426652.2340212413,491206,358241,144374,80220,64154,262383.9365996287,286577,231814,9591,7045,2546,217769.84483792822,231978,163427
148,Finger Lakes,391496,218787,172709,528102.9489054914,588685,449396,149637,75805,73832,714211.9071969528,845414,581929,224907,130891,94016,420794.84010368213,461740,363552,16952,12091,4861,322997.69838196423,348312,207957
149,Long Island,760663,436132,324531,2223879.73009188,2545792,1764649,374306,200473,173833,2720119.079481993,3213879,2117088,367997,222501,145496,1632328.3626511337,1844001,1303732,18360,13158,5202,1406349.9888190385,1314749,1264659
150,Mid-Hudson,589943,327889,262054,1491763.2227478279,1708125,1209729,292615,151040,141575,1882480.9082339413,2232760,1483634,278320,163208,115112,1061976.4072977707,1167633,907513,19008,13641,5367,590228.6545799462,579654,614591
151,Mohawk Valley,144345,80559,63786,196600.29537875595,219171,168217,40936,19494,21442,277652.64036177145,330300,226841,96712,55668,41044,164997.77550151595,183506,139455,6697,5397,1300,131535.4227851291,138969,100131
152,New York City,1607461,832461,775000,3834631.1847739643,4239004,3404694,917442,443503,473939,4598080.584453217,5251902,4014794,613899,339651,274248,2895967.2592557576,3174524,2544468,76120,49307,26813,#DIV/0!,1703266,1282427
153,North Country,129352,75441,53911,143560.3340309498,160123,119939,36512,18824,17688,203756.43143121895,240927,158657,86596,51736,34860,122915.68432796776,135664,104490,6244,4881,1363,87620.58089414533,95870,60671
154,Southern Tier,193059,105845,87214,320529.45967374067,362936,269983,63276,30488,32788,439918.1373021591,535876,351544,120548,68326,52222,256502.93399308086,282975,222600,9235,7031,2204,204871.38493713952,231574,133860
155,Western NY,439909,246158,193751,606253.8352700026,672707,521633,158574,81442,77132,788431.1847773612,909017,661243,266488,154050,112438,509048.5398093835,563754,434599,14847,10666,4181,385284.43913954776,442085,209453
