,puma,Total_geo,Total_geo_m,Total_geo_f,Total_Avg_PINCP_mf_t,Total_Avg_PINCP_m,Total_Avg_PINCP_f,Total_BABS,Total_BABS_m,Total_BABS_f,BABS_Avg_PINCP_mf_t,BABS_Avg_PINCP_m,BABS_Avg_PINCP_f,Total_HS,Total_HS_m,Total_HS_f,HS_Avg_PINCP_mf_t,HS_Avg_PINCP_m,HS_Avg_PINCP_f,Total_HSINC,Total_HSINC_m,Total_HSINC_f,HSINC_Avg_PINCP_mf_t,HSINC_Avg_PINCP_m,HSINC_Avg_PINCP_f
0,Total Geo,1080418,626435,453983,61124.85226273535,64943,55855,482420,255865,226555,86991.88439326728,97573,75041,470840,280640,190200,42048.86111842664,44652,38207,127158,89930,37228,33623.366158637284,35428,29262
1,"NYC-Manhattan Community District 6--Murray Hill, Gramercy & Stuyvesant Town PUMA",6276,2137,4139,152058.07202039516,215957,119066,5778,2137,3641,158669.3423329872,215957,125045,498,0,498,75351.40562248995,0,75351,0,0,0,#DIV/0!,0,0
2,Tompkins County PUMA,2633,1464,1169,78176.9084694265,117790,28566,2282,1113,1169,80100.48203330411,134227,28566,351,351,0,65670.94017094017,65670,0,0,0,0,#DIV/0!,0,0
3,Westchester County (South Central)--New Rochelle & Mount Vernon Cities PUMA,12593,7575,5018,72910.11355514968,81261,60302,3567,1814,1753,146347.29464536023,190208,100959,7149,4708,2441,48101.56245628759,51214,42098,1877,1053,824,27841.337240277036,27924,27735
4,"NYC-Queens Community District 7--Flushing, Murray Hill & Whitestone PUMA",31932,18785,13147,52789.46229487661,57504,46052,12349,7223,5126,67002.37104218965,74855,55936,17029,9935,7094,45016.03206295144,47771,41157,2554,1627,927,35897.736883320285,39905,28863
5,Madison & Cortland Counties PUMA,465,212,253,139938.27956989247,279199,23245,297,173,124,213173.40067340067,341419,34250,168,39,129,10469.047619047618,3200,12666,0,0,0,#DIV/0!,0,0
6,NYC-Brooklyn Community District 5--East New York & Starrett City PUMA,10287,5307,4980,37238.531155827746,39750,34561,1829,646,1183,61384.62001093494,79519,51481,6656,3324,3332,32438.807091346152,34706,30176,1802,1337,465,30459.267480577135,33078,22929
7,Dutchess County (Southwest) PUMA,5716,3443,2273,80577.14135759273,76848,86224,3385,1524,1861,114439.04283604136,136891,96051,1740,1328,412,35243.9540229885,33199,41832,591,591,0,20098.646362098138,20098,0
8,"NYC-Bronx Community District 3 & 6--Belmont, Crotona Park East & East Tremont PUMA",11414,6557,4857,35455.12440862099,34487,36761,2121,708,1413,41596.039603960395,44326,40228,8090,4966,3124,36038.29295426452,35585,36757,1203,883,320,20706.400665004156,20424,21484
9,Dutchess County (North & East) PUMA,3457,1699,1758,50282.68440844663,56300,44466,759,247,512,72956.52173913043,92995,63289,2123,1105,1018,47567.78144135657,56786,37561,575,347,228,30377.11304347826,28634,33030
10,Erie County (Central) PUMA,2371,1298,1073,42863.44580345845,44469,40920,899,425,474,57886.75194660734,61357,54774,1345,811,534,33597.799256505576,35196,31169,127,62,65,34645.669291338585,50000,20000
11,Suffolk County (West Central)--Babylon Town (Northwest) PUMA,6751,3701,3050,58020.04591912309,60383,55151,1984,598,1386,75819.50604838709,94898,67587,3648,2283,1365,50997.568530701756,53884,46169,1119,820,299,49355.049151027706,53308,38511
12,"Otsego, Schoharie, Oneida (South) & Herkimer (South) Counties PUMA",458,227,231,146700.78602620086,52687,239086,195,83,112,290758.46153846156,73518,451749,47,36,11,41229.78723404255,21133,107000,216,108,108,39598.42592592593,47196,32000
13,NYC-Brooklyn Community District 7--Sunset Park & Windsor Terrace PUMA,16357,10247,6110,49222.08351164639,46161,54354,6409,3963,2446,79548.04181619597,72032,91724,7305,4319,2986,30528.51745379877,31542,29061,2643,1965,678,27352.024214907302,26119,30923
14,Westchester County (Northeast) PUMA,7610,4054,3556,68725.308804205,83768,51575,4013,1759,2254,95661.02666334414,142301,59263,2332,1030,1302,42075.857632933104,46889,38267,1265,1265,0,32403.95256916996,32403,0
15,Nassau County (East Central)--Oyster Bay Town (Central) PUMA,8029,5571,2458,76695.94881056172,82709,63066,4910,3271,1639,87561.50712830957,92003,78695,1736,1202,534,82591.34389400922,105358,31344,1383,1098,285,30720.318148951555,30225,32625
16,Niagara County (Southwest)--Greater Niagara Falls & North Tonawanda Area PUMA,530,228,302,17983.962264150945,11585,22814,18,0,18,17000.0,0,17000,316,184,132,14485.759493670887,4790,28000,196,44,152,23714.285714285714,40000,19000
17,Nassau County (Central)--Hempstead Town (East Central) PUMA,2500,1352,1148,73327.364,91344,52108,954,613,341,122458.80503144654,125436,117106,964,677,287,56468.257261410785,66276,33332,582,62,520,20717.027491408935,28000,19848
18,Niagara County (North & East) PUMA,244,125,119,28491.803278688523,48000,8000,0,0,0,#DIV/0!,0,0,0,0,0,#DIV/0!,0,0,244,125,119,28491.803278688523,48000,8000
19,"NYC-Queens Community District 13--Queens Village, Cambria Heights & Rosedale PUMA",19607,12081,7526,46993.50334064365,47326,46458,7125,4033,3092,58965.6449122807,55756,63151,10880,6902,3978,41060.04595588235,44717,34713,1602,1146,456,34043.757802746564,33371,35732
20,"Chenango, Delaware & Broome (East) Counties PUMA",714,409,305,61767.50700280112,45687,83331,631,409,222,68313.78763866879,45687,110000,83,0,83,12000.0,0,12000,0,0,0,#DIV/0!,0,0
21,Oswego County PUMA,769,423,346,44545.73472041613,33840,57633,379,33,346,57403.95778364116,55000,57633,390,390,0,32050.17948717949,32050,0,0,0,0,#DIV/0!,0,0
22,"NYC-Brooklyn Community District 9--Crown Heights South, Prospect Lefferts & Wingate PUMA",6171,3085,3086,49008.54091719332,42045,55969,1952,485,1467,77002.04918032787,40276,89143,3074,1632,1442,38467.24463240078,49886,25543,1145,968,177,29585.498689956334,29710,28900
23,NYC-Queens Community District 10--Howard Beach & Ozone Park PUMA,9157,5722,3435,55435.505078082344,60802,46495,3895,2388,1507,73789.83825417202,81023,62326,4416,2576,1840,41330.41213768116,46504,34087,846,758,88,44558.39243498818,45689,34818
24,Ontario & Yates Counties PUMA,1060,376,684,118050.28301886792,289096,24024,298,177,121,380410.73825503356,599200,60363,674,199,475,13547.3293768546,13275,13661,88,0,88,30000.0,0,30000
25,"NYC-Bronx Community District 8--Riverdale, Fieldston & Kingsbridge PUMA",9944,4748,5196,53914.01045856798,54295,53565,5078,2184,2894,66599.4289090193,67951,65578,3896,2116,1780,42280.54928131417,44979,39071,970,448,522,34230.927835051545,31716,36388
26,Erie County (Northwest) PUMA,1775,1224,551,32069.90422535211,30129,36379,407,313,94,55994.299754299755,42778,100000,1298,911,387,24571.956856702618,25784,21718,70,0,70,32000.0,0,32000
27,NYC-Brooklyn Community District 14--Flatbush & Midwood PUMA,16806,9081,7725,49450.926395335,43732,56172,6609,2567,4042,66170.85928279618,53339,74319,7358,4582,2776,40588.26583310682,41054,39818,2839,1932,907,33497.92180345192,37319,25357
28,"Rockland County (West)--Spring Valley, Suffern Villages & Monsey PUMA",7677,4699,2978,53446.50254005471,58316,45762,2291,1651,640,86336.31601920558,93835,66991,4335,2425,1910,41034.025374855824,40264,42010,1051,623,428,32949.38154138915,34453,30759
29,"NYC-Manhattan Community District 1 & 2--Battery Park City, Greenwich Village & Soho PUMA",14408,8147,6261,137614.58217656857,155083,114882,12802,7057,5745,148937.30667083268,172772,119658,574,181,393,91901.56794425087,142005,68825,1032,909,123,22581.39534883721,20359,39000
30,"NYC-Bronx Community District 4--Concourse, Highbridge & Mount Eden PUMA",12962,7320,5642,36549.78521833051,39602,32589,4532,2443,2089,45107.06443071492,45473,44678,6872,4005,2867,32971.4493597206,37862,26138,1558,872,686,27441.142490372273,31146,22731
31,NYC-Queens Community District 1--Astoria & Long Island City PUMA,26834,16966,9868,52666.76567041813,51117,55329,13307,6931,6376,64173.24340572631,62549,65938,10850,7971,2879,41804.69493087558,43471,37190,2677,2064,613,39494.09787075084,42263,30169
32,Erie County (West Central)--Buffalo City (West) PUMA,2192,1594,598,39649.45255474452,42378,32374,1051,666,385,41060.989533777356,45285,33753,1089,928,161,38031.68044077135,40292,25000,52,0,52,45000.0,0,45000
33,Schenectady County--Schenectady City PUMA,2828,2092,736,57592.07920792079,57976,56499,1334,896,438,74109.14542728636,72296,77816,906,608,298,56230.68432671082,71455,25167,588,588,0,22217.34693877551,22217,0
34,NYC-Brooklyn Community District 2--Brooklyn Heights & Fort Greene PUMA,5962,3483,2479,103869.65447836297,109484,95980,3784,1753,2031,143802.14587737844,182645,110275,1967,1730,237,34376.492119979666,35350,27264,211,0,211,35568.72037914692,0,35568
35,"Steuben (North & West), Schuyler & Chemung (North) Counties PUMA",68,37,31,38676.470588235294,25000,55000,0,0,0,#DIV/0!,0,0,68,37,31,38676.470588235294,25000,55000,0,0,0,#DIV/0!,0,0
36,NYC-Brooklyn Community District 1--Greenpoint & Williamsburg PUMA,7864,4674,3190,68056.65946083418,70761,64093,3402,1422,1980,87000.3644914756,106193,73216,3378,2345,1033,61699.171107164,65547,52963,1084,907,177,28415.61808118081,28691,27000
37,Suffolk County (Northwest)--Huntington Town (North) PUMA,4357,3191,1166,46246.19233417489,39457,64825,1449,1176,273,68799.51690821256,47082,162351,1348,547,801,45583.086053412466,59078,36367,1560,1468,92,25870.615384615383,26038,23195
38,Erie County (Northeast) PUMA,512,423,89,113359.1796875,116169,100000,361,272,89,145340.72022160664,160176,100000,151,151,0,36900.0,36900,0,0,0,0,#DIV/0!,0,0
39,Monroe County (North & West) PUMA,750,231,519,77647.09333333334,71919,80196,324,0,324,98648.14814814815,0,98648,426,231,195,61674.46009389671,71919,49538,0,0,0,#DIV/0!,0,0
40,Oneida County (Central)--Greater Utica & Rome Cities PUMA,3533,2006,1527,35085.37220492499,37897,31390,1039,588,451,49589.817131857555,61129,34544,1758,979,779,29366.83731513083,27204,32084,736,439,297,28268.885869565216,30628,24780
41,"NYC-Brooklyn Community District 12--Borough Park, Kensington & Ocean Parkway PUMA",7876,5441,2435,51451.95022854241,57280,38427,3903,2620,1283,66456.62311042787,75284,48428,2737,1629,1108,32020.189989039092,35600,26756,1236,1192,44,47100.40453074434,47336,40700
42,Erie County (West Central)--Buffalo City (East) PUMA,671,468,203,24742.32488822653,23597,27382,126,53,73,53042.06349206349,75000,37100,417,369,48,15108.872901678656,13171,30000,128,46,82,28268.75,48000,17200
43,Suffolk County (Northwest)--Smithtown Town PUMA,1804,707,1097,95649.17960088691,123166,77914,714,461,253,117438.54341736695,139550,77146,1090,246,844,81376.14678899082,92463,78144,0,0,0,#DIV/0!,0,0
44,Nassau County (Northeast)--Oyster Bay Town (North) & Glen Cove City PUMA,7872,4472,3400,104048.22281504064,133450,65375,4334,2153,2181,139048.50253807107,196030,82798,1772,936,836,56295.59819413092,68510,42619,1766,1383,383,66067.72366930917,79979,15831
45,NYC-Manhattan Community District 8--Upper East Side PUMA,16438,8675,7763,137964.4705560287,176297,95127,15708,8238,7470,142095.05774127832,182990,96995,730,437,293,49083.28767123288,50139,47508,0,0,0,#DIV/0!,0,0
46,Suffolk County (Southwest)--Islip Town (South) PUMA,3701,2375,1326,54904.6473925966,63077,40266,1152,890,262,82662.32638888889,90452,56198,1504,840,664,40462.16755319149,44827,34939,1045,645,400,45090.90909090909,49071,38673
47,"NYC-Brooklyn Community District 6--Park Slope, Carroll Gardens & Red Hook PUMA",6174,3432,2742,102036.24392614189,115008,85799,5078,2605,2473,115003.2237101221,138721,90018,939,670,269,45795.95314164004,45310,47005,157,157,0,19000.0,19000,0
48,Erie County (South) PUMA,910,671,239,40468.51648351648,43652,31530,461,222,239,42633.47071583514,54586,31530,449,449,0,38245.701559020046,38245,0,0,0,0,#DIV/0!,0,0
49,Albany County (Outside Albany City) PUMA,4712,3671,1041,81721.30730050933,89463,54419,3784,3008,776,91513.18710359409,98624,63946,802,537,265,42861.47132169576,50924,26521,126,126,0,35000.0,35000,0
50,NYC-Staten Island Community District 2--New Springville & South Beach PUMA,12875,7788,5087,53119.23883495146,58177,45375,5557,3143,2414,64514.990102573334,71753,55090,6220,4102,2118,47008.102893890675,50556,40135,1098,543,555,30063.75227686703,37160,23120
51,Erie County (North Central) PUMA,3021,1453,1568,97329.91194968553,107888,87545,2580,1315,1265,110465.37364341086,115140,105605,244,138,106,29754.09836065574,38782,18000,197,0,197,9000.0,0,9000
52,"NYC-Staten Island Community District 3--Tottenville, Great Kills & Annadale PUMA",11966,7461,4505,71642.34999164299,74336,67181,6091,3449,2642,81194.12247578394,86880,73770,5530,3734,1796,62698.05786618445,64018,59953,345,278,67,46373.04347826087,57284,1100
53,"NYC-Manhattan Community District 12--Washington Heights, Inwood & Marble Hill PUMA",20639,10235,10404,33661.459712195356,35751,31605,5344,2177,3167,41118.17739520958,37119,43866,11875,5921,5954,32312.755115789474,39944,24723,3420,2137,1283,26692.795321637426,22741,33274
54,NYC-Manhattan Community District 7--Upper West Side & West Side PUMA,12122,5687,6435,142956.87840290382,194208,97662,9039,4459,4580,169623.75926540548,227956,112832,2968,1113,1855,65073.82749326146,73185,60207,115,115,0,57000.0,57000,0
55,"NYC-Queens Community District 5--Ridgewood, Glendale & Middle Village PUMA",21687,12419,9268,56565.95333609997,61026,50589,7514,2866,4648,67518.57599148256,72721,64310,12226,8176,4050,52070.157860297724,59696,36674,1947,1377,570,42527.73497688752,44580,37567
56,"NYC-Brooklyn Community District 15--Sheepshead Bay, Gerritsen Beach & Homecrest PUMA",20068,10351,9717,65633.67649990034,74074,56642,12264,5751,6513,80051.19699934768,97428,64706,6837,3840,2997,43230.69182389937,45336,40532,967,760,207,41179.4208893485,42550,36146
57,"NYC-Queens Community District 12--Jamaica, Hollis & St. Albans PUMA",13650,8185,5465,37945.1978021978,37118,39182,5031,2979,2052,48158.757702246075,42715,56061,6029,3750,2279,35031.54752031846,35862,33665,2590,1456,1134,24888.04633204633,28905,19729
58,Suffolk County (North Central)--Brookhaven Town (North) PUMA,2627,1774,853,136512.66844309098,147627,113396,2237,1499,738,141059.80330800178,148281,126392,390,275,115,110430.76923076923,144065,30000,0,0,0,#DIV/0!,0,0
59,Albany County (East Central)--Albany City PUMA,749,297,452,73041.92256341789,33242,99193,315,178,137,54171.42857142857,44943,66160,365,50,315,99921.64383561644,14000,113560,69,69,0,17000.0,17000,0
60,NYC-Manhattan Community District 3--Chinatown & Lower East Side PUMA,7467,3820,3647,110055.49658497388,101969,118524,4988,2455,2533,144048.61046511628,135086,152734,1960,986,974,43544.063265306126,46351,40701,519,379,140,34534.79768786127,32146,41000
61,Rensselaer County--Troy City PUMA,1819,1423,396,50030.775151181966,53000,39360,759,450,309,50764.03162055336,54851,44811,697,610,87,72546.62840746055,80040,20000,363,363,0,5264.683195592286,5264,0
62,Warren & Washington Counties PUMA,638,347,291,33762.69592476489,47586,17279,381,208,173,34169.02887139108,50112,15000,193,75,118,37524.35233160622,64120,20620,64,64,0,20000.0,20000,0
63,Orange County (Northeast)--Greater Newburgh City PUMA,2963,1550,1413,51617.833277084035,60427,41953,1033,473,560,65626.33107454017,90871,44303,1046,408,638,33054.14913957935,38724,29427,884,669,215,57213.800904977375,52139,73004
64,"Rockland County (South)--Orangetown, Clarkstown (South) & Ramapo (Southeast) Towns PUMA",5347,2779,2568,94906.68599214513,80978,109979,2623,1476,1147,87982.90125810141,95670,78090,2049,941,1108,122437.28648121035,66742,169737,675,362,313,38241.333333333336,58077,15300
65,Fulton & Montgomery Counties PUMA,429,183,246,36944.055944055945,65311,15841,255,136,119,41831.37254901961,74058,5000,174,47,127,29781.6091954023,40000,26000,0,0,0,#DIV/0!,0,0
66,NYC-Brooklyn Community District 11--Bensonhurst & Bath Beach PUMA,26644,14198,12446,51367.058774958714,50748,52072,14953,7324,7629,61190.51588310038,62077,60339,9290,4925,4365,41127.22604951561,41700,40480,2401,1949,452,29808.49645980841,31045,24475
67,Monroe County (Central)--Rochester City (East) PUMA,1513,678,835,31137.11169861203,28219,33506,318,51,267,42805.81761006289,100000,31881,751,337,414,23484.953395472705,26562,20979,444,290,154,35722.97297297297,17520,70000
68,Chautauqua County PUMA,364,296,68,26103.846153846152,27506,20000,100,32,68,17440.0,12000,20000,203,203,0,28600.0,28600,0,61,61,0,32000.0,32000,0
69,Nassau County (Northwest)--North Hempstead Town (North) PUMA,8732,5433,3299,95040.33669262483,107081,75209,5134,2528,2606,105366.47448383327,128663,82766,3472,2867,605,82407.47119815668,88758,52310,126,38,88,22396.825396825396,53789,8840
70,"Clinton, Franklin, Essex & Hamilton Counties PUMA",752,424,328,40282.18085106383,42663,37203,440,252,188,45035.0,49478,39079,220,127,93,30076.363636363636,28667,32000,92,45,47,41956.52173913043,44000,40000
71,NYC-Queens Community District 6--Forest Hills & Rego Park PUMA,18293,9846,8447,80572.65806592685,93988,64935,11488,5585,5903,103173.51096796658,134701,73343,5950,3648,2302,43801.03193277311,42000,46654,855,613,242,32797.89473684211,32435,33716
72,Monroe County (Central)--Rochester City (West) PUMA,2119,1404,715,26478.00849457291,28331,22838,345,226,119,64864.057971014496,72743,49900,1713,1117,596,18336.71920607122,18817,17435,61,61,0,38000.0,38000,0
73,Orange County (Southeast) PUMA,3887,2225,1662,96260.84898379212,78766,119681,1784,1185,599,148122.365470852,103567,236264,1777,714,1063,54143.84918401801,54376,53987,326,326,0,42030.67484662577,42030,0
74,Rockland County (North)--New City & Congers PUMA,7039,3621,3418,57884.482170762894,57775,58000,2379,1355,1024,89711.47540983607,85841,94832,3700,1763,1937,47194.01891891892,46011,48270,960,503,457,20216.041666666668,23401,16709
75,Westchester County (Southeast) PUMA,13497,9100,4397,81116.40586797066,89652,63449,6554,4408,2146,119412.00030515715,130823,95972,4915,2987,1928,50521.33875890132,61334,33768,2028,1705,323,31503.698224852073,32822,24543
76,"NYC-Manhattan Community District 9--Hamilton Heights, Manhattanville & West Harlem PUMA",11850,5852,5998,47397.89198312236,39525,55079,4767,2429,2338,77262.40822320117,51681,103839,4718,2364,2354,30499.41076727427,35569,25408,2365,1059,1306,20912.854122621564,20473,21269
77,Nassau County (Southwest)--Hempstead Town (Southwest) & Long Beach City PUMA,5236,2700,2536,79347.4025974026,92363,65489,2932,951,1981,102368.41746248295,162033,73725,1595,1040,555,60194.23197492163,73056,36091,709,709,0,27234.13258110014,27234,0
78,NYC-Queens Community District 2--Sunnyside & Woodside PUMA,25756,16914,8842,51444.07827302376,50847,52585,12287,7565,4722,71481.88166354684,73612,68069,10105,6879,3226,30374.626422563088,26901,37781,3364,2470,894,41545.838287752675,47813,24228
79,"NYC-Bronx Community District 11--Pelham Parkway, Morris Park & Laconia PUMA",12245,7194,5051,48851.90200081666,47337,51008,4016,2332,1684,70010.61752988047,63981,78360,7361,3994,3367,39290.870805597064,40945,37328,868,868,0,32037.78801843318,32037,0
80,Onondaga County (Central)--Syracuse City (Outer) PUMA,1863,1075,788,47853.913043478264,48479,47000,1129,522,607,47695.16386182462,43195,51565,591,482,109,51153.976311336715,55452,32146,143,71,72,35468.531468531466,40000,31000
81,Wayne & Seneca Counties PUMA,761,612,149,48402.10249671485,27539,134093,692,612,80,47245.66473988439,27539,198000,69,0,69,60000.0,0,60000,0,0,0,#DIV/0!,0,0
82,"NYC-Bronx Community District 7--Bedford Park, Fordham North & Norwood PUMA",12683,8341,4342,37143.031459433885,39110,33364,3719,2635,1084,44232.965851035224,42049,49540,6689,4154,2535,36304.111227388246,39132,31669,2275,1552,723,28019.546373626374,34058,15056
83,Nassau County (West Central)--Hempstead Town (Northwest) PUMA,9693,6428,3265,83385.59785412153,98572,53487,4441,2845,1596,130251.27223598289,166326,65944,4322,2816,1506,44899.930587690884,45953,42930,930,767,163,38444.30107526882,40440,29049
84,NYC-Brooklyn Community District 18--Canarsie & Flatlands PUMA,15882,8127,7755,53385.20715275154,56653,49959,6712,2632,4080,71545.13706793802,84127,63428,7175,4448,2727,44587.60975609756,47688,39529,1995,1047,948,23928.220551378447,25676,21997
85,"NYC-Bronx Community District 12--Wakefield, Williamsbridge & Woodlawn PUMA",4913,3192,1721,51784.235701200894,61544,33682,1905,1056,849,59255.69553805774,78117,35794,2736,1864,872,45824.945175438595,52467,31625,272,272,0,59400.0,59400,0
86,Suffolk County (South Central)--Brookhaven Town (South) PUMA,3691,3105,586,42291.30316987266,43063,38197,746,415,331,36164.879356568366,40677,30507,2376,2121,255,46286.78451178451,46059,48180,569,569,0,33639.367311072056,33639,0
87,NYC-Queens Community District 4--Elmhurst & South Corona PUMA,32213,22311,9902,41027.663055288234,39998,43346,12283,8648,3635,55208.573638361966,54933,55862,16101,10790,5311,32182.313520899323,29891,36835,3829,2873,956,32731.723687646907,32998,31930
88,Livingston & Wyoming Counties PUMA,298,63,235,39743.32214765101,53968,35929,20,20,0,84000.0,84000,0,278,43,235,36559.388489208635,40000,35929,0,0,0,#DIV/0!,0,0
89,"NYC-Bronx Community District 10--Co-op City, Pelham Bay & Schuylerville PUMA",7219,3740,3479,52387.93323174955,63082,40890,2965,1382,1583,56972.947723440135,71853,43981,3345,1788,1557,57110.34379671151,68759,43733,909,570,339,20054.565456545653,24012,13400
90,Cattaraugus & Allegany Counties PUMA,358,162,196,292194.66480446927,587010,48520,350,162,188,298727.1142857143,587010,50313,8,0,8,6400.0,0,6400,0,0,0,#DIV/0!,0,0
91,Herkimer (North & Central) & Oneida (Outer) Counties PUMA,347,224,123,52939.337175792505,69167,23385,170,170,0,85270.0,85270,0,177,54,123,21887.28813559322,18474,23385,0,0,0,#DIV/0!,0,0
92,Orange County (Northwest) PUMA,3665,1646,2019,49299.69986357435,56367,43537,1595,519,1076,58053.416927899685,68847,52846,1849,906,943,40810.05949161709,49027,32915,221,221,0,57151.13122171946,57151,0
93,Columbia & Greene Counties PUMA,511,424,87,150097.84735812133,176382,22000,310,310,0,235458.06451612903,235458,0,201,114,87,18447.761194029852,15736,22000,0,0,0,#DIV/0!,0,0
94,Suffolk County (East) PUMA,5320,3672,1648,69518.62406015038,81716,42340,1406,794,612,142340.4694167852,199514,68163,2628,1964,664,53252.511415525114,59487,34809,1286,914,372,23142.13063763608,27148,13297
95,Monroe County (East) PUMA,2786,1439,1347,59767.48025843503,62198,57170,1040,487,553,95786.53846153847,116117,77882,1531,737,794,37854.474199869364,32586,42744,215,215,0,41576.74418604651,41576,0
96,Sullivan & Ulster (West) Counties PUMA,2535,997,1538,54650.82445759369,59019,51818,973,267,706,79269.47584789312,137880,57103,1531,699,832,39269.131286740696,29669,47334,31,31,0,41600.0,41600,0
97,Cayuga & Onondaga (South) Counties PUMA,144,144,0,86437.5,86437,0,103,103,0,96961.16504854368,96961,0,41,41,0,60000.0,60000,0,0,0,0,#DIV/0!,0,0
98,"NYC-Bronx Community District 1 & 2--Hunts Point, Longwood & Melrose PUMA",10815,6051,4764,33242.77669902913,35562,30296,2329,986,1343,42634.56419063976,38909,45369,6364,3897,2467,31618.562225015714,37811,21835,2122,1168,954,27805.93779453346,25233,30955
99,Suffolk County (Southwest)--Babylon Town (Southeast) PUMA,3961,2318,1643,44592.375662711434,45848,42820,1457,867,590,57525.4632807138,64490,47290,1547,739,808,35056.10859728507,23538,45590,957,712,245,40317.65935214211,46303,22922
100,Onondaga County (Central)--Syracuse City PUMA,3540,2296,1244,39958.180790960454,43101,34156,1636,1117,519,62014.76772616137,64362,56962,1334,841,493,20600.07496251874,21529,19014,570,338,232,21956.666666666668,26517,15311
101,Ulster County (East) PUMA,2745,1907,838,42795.62841530055,45160,37412,621,491,130,88895.97423510467,88338,91000,1214,943,271,34797.364085667214,36303,29557,910,473,437,22006.153846153848,17999,26343
102,NYC-Queens Community District 9--Richmond Hill & Woodhaven PUMA,21874,13735,8139,42815.56368291122,47122,35547,6077,3697,2380,56732.12769458615,60480,50909,12955,7934,5021,38596.39752991123,44085,29922,2842,2104,738,32290.70021111893,35102,24273
103,NYC-Brooklyn Community District 13--Brighton Beach & Coney Island PUMA,12542,7348,5194,62587.39355764631,62874,62180,6547,3196,3351,78583.36489995418,81109,76174,4557,2844,1713,47516.469168312484,54412,36068,1438,1308,130,37519.64534075104,36720,45555
104,Broome County (West Central)--Greater Binghamton City & Greater Johnson City Village PUMA,2245,1603,642,65940.85523385301,79958,30940,1426,923,503,83004.29172510518,109468,34443,718,579,139,20367.82729805014,20872,18264,101,101,0,149000.0,149000,0
105,Nassau County (South Central)--Hempstead Town (Southeast) PUMA,5391,2646,2745,59709.404563160824,66286,53369,2244,897,1347,82602.58467023174,111583,63303,2950,1552,1398,43517.016949152545,43263,43797,197,197,0,41411.16751269036,41411,0
106,Saratoga County (Outer) PUMA,524,166,358,43762.59541984733,44939,43216,253,0,253,48547.03557312253,0,48547,271,166,105,39295.94095940959,44939,30373,0,0,0,#DIV/0!,0,0
107,"NYC-Manhattan Community District 4 & 5--Chelsea, Clinton & Midtown Business District PUMA",13605,7651,5954,91793.85740536568,95847,86584,9419,5772,3647,112567.81293130906,111469,114305,2940,1589,1351,51424.897959183676,52943,49638,1246,290,956,30008.025682182986,20000,33043
108,NYC-Brooklyn Community District 4--Bushwick PUMA,6171,4508,1663,35313.71414681575,35852,33853,868,447,421,42089.688940092165,51753,31828,3643,2718,925,38491.21054076311,39829,34560,1660,1343,317,24797.349397590362,22512,34478
109,Suffolk County (Central)--Islip Town (East) PUMA,932,637,295,60706.75965665236,55536,71871,386,237,149,90718.91191709845,80592,106825,467,321,146,41940.47109207709,44551,36200,79,79,0,25000.0,25000,0
110,Westchester County (Southwest)--Yonkers City PUMA,15324,8864,6460,64191.89702427565,70835,55075,7025,3479,3546,79352.97224199289,89242,69650,6535,4064,2471,50390.66564651875,58519,37021,1764,1321,443,54942.74376417234,60252,39109
111,Nassau County (West Central)--North Hempstead Town (South) PUMA,13323,6738,6585,74241.23523230504,76667,71759,8288,4240,4048,87677.88513513513,82781,92806,3823,1582,2241,52640.11640073241,69933,40432,1212,916,296,50493.81188118812,59993,21096
112,"NYC-Queens Community District 8--Briarwood, Fresh Meadows & Hillcrest PUMA",21260,10855,10405,54883.00649106303,63015,46398,9964,5439,4525,70030.70052187877,79568,58565,10352,4747,5605,39832.47855486863,43068,37091,944,669,275,60043.43220338983,69968,35898
113,Jefferson & Lewis Counties PUMA,423,260,163,81909.21985815602,119492,21960,260,260,0,119492.30769230769,119492,0,163,0,163,21960.73619631902,0,21960,0,0,0,#DIV/0!,0,0
114,Suffolk County (Central)--Brookhaven Town (West Central) PUMA,3141,1608,1533,80708.88252148997,105639,54558,1634,889,745,115552.87637698898,151661,72464,896,493,403,49529.46428571428,56525,40971,611,226,385,33248.445171849424,31744,34131
115,Suffolk County (Northwest)--Huntington Town (South) PUMA,4334,2305,2029,80568.2510383018,89405,70528,1764,997,767,114008.27664399093,141792,77892,2100,975,1125,39561.23809523809,48936,31436,470,333,137,138284.25531914894,51052,350315
116,NYC-Brooklyn Community District 16--Brownsville & Ocean Hill PUMA,3292,2064,1228,36668.985419198056,39357,32149,771,452,319,52842.801556420236,52034,53987,1047,701,346,41995.319961795605,49634,26518,1474,911,563,24425.644504748983,25160,23237
117,"NYC-Staten Island Community District 1--Port Richmond, Stapleton & Mariner's Harbor PUMA",12246,7289,4957,51315.923566878984,50991,51792,4732,2605,2127,67288.5460693153,64121,71167,5982,3487,2495,45155.53326646607,49198,39505,1532,1197,335,26034.595300261095,27640,20294
118,Chemung (South) & Steuben (East) Counties--Greater Elmira & Greater Corning Cities PUMA,1161,755,406,176174.5908699397,249415,39975,1047,690,357,191099.52244508118,268794,40932,114,65,49,39100.87719298246,43700,33000,0,0,0,#DIV/0!,0,0
119,Monroe County (Central)--Greece & Gates Towns PUMA,2305,1025,1280,42027.73101952278,48334,36977,526,449,77,52241.44486692015,50910,60000,1626,423,1203,37595.239852398525,43543,35503,153,153,0,54020.0,54020,0
120,NYC-Queens Community District 3--Jackson Heights & North Corona PUMA,29358,19709,9649,42972.15818516248,44673,39496,8014,5104,2910,62868.898178188174,61640,65022,13924,8919,5005,37762.02025280092,42141,29958,7420,5686,1734,31259.690026954177,33415,24189
121,"NYC-Queens Community District 14--Far Rockaway, Breezy Point & Broad Channel PUMA",3599,2050,1549,52537.399277577104,49824,56127,2020,965,1055,60620.544554455446,60818,60439,904,587,317,45807.5221238938,44868,47545,675,498,177,37360.88888888889,34361,45800
122,NYC-Brooklyn Community District 10--Bay Ridge & Dyker Heights PUMA,14493,9019,5474,56089.68605533706,57741,53368,8203,4599,3604,72523.50237717909,79021,64231,4841,3159,1682,32820.064036356125,33360,31805,1449,1261,188,40797.51552795031,41207,38047
123,Broome (Outer West) & Tioga Counties PUMA,360,257,103,90374.16666666667,123387,8000,167,167,0,98352.69461077845,98352,0,193,90,103,83470.46632124353,169842,8000,0,0,0,#DIV/0!,0,0
124,Putnam County PUMA,4780,2641,2139,55134.28870292887,50671,60644,2075,824,1251,71088.19277108433,89373,59044,1791,1187,604,45931.267448352875,31794,73713,914,630,284,36948.577680525166,35617,39901
125,"NYC-Brooklyn Community District 17--East Flatbush, Farragut & Rugby PUMA",6978,2999,3979,37061.490398394955,33303,39893,1768,385,1383,53922.5,53779,53962,4267,2180,2087,31364.82306069838,30509,32257,943,434,509,31226.299045599153,29174,32975
126,"NYC-Queens Community District 11--Bayside, Douglaston & Little Neck PUMA",16674,8895,7779,60234.089120786855,63636,56344,9048,4535,4513,71214.75795755968,77178,65221,6352,3453,2899,49460.338790931986,52386,45975,1274,907,367,35965.46310832025,38749,29083
127,Nassau County (Central)--Hempstead Town (Northeast) PUMA,7734,4353,3381,65679.68709594001,59217,74000,2556,1275,1281,79997.69170579029,64766,95157,4478,2736,1742,56726.79767753461,59395,52535,700,342,358,70671.42857142857,37105,102737
128,Suffolk County (Central)--Brookhaven Town (Central) PUMA,6768,3949,2819,54596.92080378251,52696,57259,2669,1115,1554,77521.90333458224,81893,74384,3537,2272,1265,38995.193666949395,40539,36222,562,562,0,43914.59074733096,43914,0
129,NYC-Manhattan Community District 10--Central Harlem PUMA,6491,3805,2686,56254.99922970266,49682,65565,4286,2453,1833,72353.80307979468,65751,81188,1462,706,756,30755.882352941175,25325,35826,743,646,97,13563.526244952895,15284,2100
130,"NYC-Bronx Community District 5--Morris Heights, Fordham South & Mount Hope PUMA",10139,5761,4378,31487.266988854917,33668,28616,2486,1857,629,35916.33145615447,37638,30833,6379,3229,3150,31982.113183884623,33049,30887,1274,675,599,20366.954474097332,25712,14343
131,NYC-Manhattan Community District 11--East Harlem PUMA,9857,5431,4426,57141.377701126105,48826,67344,3094,1680,1414,98741.35746606335,97830,99823,4815,2688,2127,45212.6272066459,28968,65740,1948,1063,885,20553.388090349075,21592,19305
132,Westchester County (Northwest) PUMA,9104,4634,4470,63238.02614235501,67294,59032,4491,2165,2326,96281.85036740146,113468,80284,4026,1928,2098,32556.631892697467,29050,35778,587,541,46,20858.94378194208,18806,45000
133,Onondaga County (North) PUMA,2119,981,1138,62008.21142048136,63771,60488,1468,575,893,70155.99455040872,70739,69780,587,342,245,39888.24531516184,49394,26617,64,64,0,78000.0,78000,0
134,NYC-Brooklyn Community District 8--Crown Heights North & Prospect Heights PUMA,4363,2110,2253,53482.36167774467,61692,45792,1612,682,930,89433.71215880894,118549,68082,2214,1133,1081,34478.00361336947,36967,31868,537,295,242,23914.525139664805,25211,22333
135,NYC-Brooklyn Community District 3--Bedford-Stuyvesant PUMA,4188,3211,977,50152.67430754537,51711,45029,1614,1367,247,67725.40272614622,71070,49210,2240,1510,730,38672.142857142855,36282,43614,334,334,0,42230.53892215569,42230,0
136,Genesee & Orleans Counties PUMA,308,129,179,25375.324675324675,30062,21997,41,14,27,32085.365853658535,12000,42500,206,54,152,24029.611650485436,40000,18355,61,61,0,25409.83606557377,25409,0
137,Westchester County (Central)--White Plains City PUMA,11633,6807,4826,96359.73523596664,99004,92629,6765,3204,3561,135713.68810051738,164096,110176,3446,2495,951,45098.46198491004,45304,44558,1422,1108,314,33361.74402250352,31702,39216
138,Saratoga County (South & Central) PUMA,2132,820,1312,72315.12664165103,89420,61624,1678,527,1151,82643.53396901072,112981,68753,454,293,161,34140.96916299559,47044,10658,0,0,0,#DIV/0!,0,0
139,Monroe County (South) PUMA,5051,2886,2165,83680.1128489408,107612,51778,3488,1923,1565,104142.78956422018,142424,57104,1287,963,324,31499.7668997669,38096,11892,276,0,276,68398.55072463768,0,68398
140,Suffolk County (Central)--Islip Town (Northwest) PUMA,16326,9044,7282,41428.4282739189,45657,36176,2297,874,1423,51562.995211144975,61717,45325,11305,6130,5175,38963.354268023,41562,35884,2724,2040,684,43112.922173274594,51079,19352
141,St. Lawrence County PUMA,1334,208,1126,94252.84857571214,200111,74698,953,160,793,118796.64218258132,255645,91185,333,0,333,35435.73573573573,0,35435,48,48,0,15000.0,15000,0
142,Nassau County (West Central)--Hempstead Town (West Central) PUMA,8492,4193,4299,57023.492699010836,54736,59253,3870,1733,2137,66531.91214470284,67706,65579,4508,2409,2099,48411.490683229815,45824,51380,114,51,63,74789.47368421052,35000,107000
143,Nassau County (Central)--Hempstead Town (North Central)--Meadowbrook Corridor PUMA,6851,4378,2473,41646.24872281419,42184,40692,1503,705,798,64970.85828343313,60525,68898,3184,1868,1316,33907.0351758794,38953,26743,2164,1805,359,36833.29482439926,38365,29129
144,"NYC-Bronx Community District 9--Castle Hill, Clason Point & Parkchester PUMA",10393,6668,3725,37912.72972192822,38769,36378,3269,1725,1544,48634.475374732334,48276,49034,6114,4332,1782,35109.99345763821,37290,29809,1010,611,399,20176.633663366338,22417,16745
145,Nassau County (Southeast)--Oyster Bay Town (South) PUMA,3132,1623,1509,46967.544699872284,54916,38417,585,315,270,71348.54700854702,84552,55944,2446,1308,1138,41011.222403924774,47779,33231,101,0,101,50000.0,0,50000
146,Capital Region,13913,9240,4673,562324.3495674145,592008,393590,8814,5577,3237,671375.4556525158,669265,385033,3889,2453,1436,400969.4515395247,388258,268899,1210,1210,0,#DIV/0!,99481,0
147,Central NY,8900,5131,3769,420741.8195452287,554827,222522,5012,2523,2489,547404.4496439802,671676,270190,3111,2135,976,214161.5236952444,221625,90443,777,473,304,#DIV/0!,144517,46311
148,Finger Lakes,16951,8843,8108,552308.5699919753,747278,498508,7092,3959,3133,1002230.5654704808,1204933,676278,8561,4104,4457,344581.9431640241,324798,306036,1298,780,518,#DIV/0!,176525,168398
149,Long Island,150698,88273,62425,1722856.7646596066,1912795,1477525,61646,32338,29308,2311359.929436697,2685003,1955245,68086,40199,27887,1331505.3764904363,1508572,1021655,20966,15736,5230,#DIV/0!,909837,956551
150,Mid-Hudson,119572,68241,51331,1133398.1067991985,1172441,1081538,51933,26841,25092,1635250.8459134619,1914246,1456117,51558,29631,21927,810227.4052475536,775205,837833,16081,11769,4312,599745.2740498842,615108,410649
151,Mohawk Valley,4767,2640,2127,271669.5513509743,225062,309702,1659,977,682,467449.65121933876,293975,491293,2156,1116,1040,122265.5218801689,106811,188469,952,547,405,#DIV/0!,77824,56780
152,New York City,742979,430708,312271,3302665.235792622,3560327,3028110,332705,176216,156489,4186590.601399792,4551443,3813410,325716,195609,130107,2342880.4727249644,2444153,2127436,84558,58883,25675,#DIV/0!,1740126,1331222
153,North Country,2509,892,1617,216444.24928493198,362266,133861,1653,672,981,283323.949874889,424615,130264,716,127,589,87472.83556841838,28667,89395,140,93,47,#DIV/0!,59000,40000
154,Southern Tier,7181,4525,2656,511110.49883092236,641237,245812,5553,3302,2251,#DIV/0!,656528,213941,1527,1122,405,259286.5815714516,325084,126264,101,101,0,#DIV/0!,149000,0
155,Western NY,12948,7942,5006,755257.0120936385,1082383,455464,6353,3460,2893,#DIV/0!,1153332,550075,5520,4144,1376,#DIV/0!,261760,160287,1075,338,737,#DIV/0!,218000,150200
