,puma,Total_geo,Total_geo_m,Total_geo_f,Total_Avg_PINCP_mf_t,Total_Avg_PINCP_m,Total_Avg_PINCP_f,Total_BABS,Total_BABS_m,Total_BABS_f,BABS_Avg_PINCP_mf_t,BABS_Avg_PINCP_m,BABS_Avg_PINCP_f,Total_HS,Total_HS_m,Total_HS_f,HS_Avg_PINCP_mf_t,HS_Avg_PINCP_m,HS_Avg_PINCP_f,Total_HSINC,Total_HSINC_m,Total_HSINC_f,HSINC_Avg_PINCP_mf_t,HSINC_Avg_PINCP_m,HSINC_Avg_PINCP_f
0,Total Geo,4920307,2670143,2250164,74185.43402129176,83443.88983136858,63198.945493306266,2299882,1137266,1162616,101740.67703473482,121095.5452594204,82807.8276963331,2423435,1397954,1025481,51081.88961948639,57060.4977703129,42931.74429365342,196990,134923,62067,36701.961333062594,39439.6867176093,30750.616462854658
1,NYC-Manhattan Community District 7--Upper West Side & West Side PUMA,58659,29760,28899,172654.7204861999,195477.9166330645,149151.54330599675,50805,24633,26172,188654.6432240921,218037.72983396257,160999.37910744306,7155,4949,2206,73121.88679245283,88817.41766013336,37910.108794197644,699,178,521,28565.092989985693,39000.0,25000.0
2,Nassau County (West Central)--Hempstead Town (Northwest) PUMA,32167,18654,13513,105439.84129698138,117666.72558164469,88561.25775179456,17759,9548,8211,132887.53527788728,151613.90123586092,111111.94860552916,13074,8142,4932,69165.24674927337,80550.0577253746,50370.61354420114,1334,964,370,95552.62368815592,94924.27385892117,97189.72972972973
3,NYC-Brooklyn Community District 2--Brooklyn Heights & Fort Greene PUMA,47753,24808,22945,113846.98515276526,128211.02797484682,98316.665940292,38275,19274,19001,127599.12794252123,146156.6972086749,108774.92974053997,8127,5003,3124,63271.0791189861,69954.84709174496,52567.20870678617,1351,531,820,28478.460399703923,25707.909604519773,30272.560975609755
4,Madison & Cortland Counties PUMA,38049,22003,16046,55690.01461273621,60570.46857246739,48997.715692384394,12252,6018,6234,71214.65336271629,78793.7974410103,63898.11677895412,24564,15118,9446,49254.56900341964,54815.96421484323,40353.74613593055,1233,867,366,29633.576642335767,34421.222606689735,18292.349726775956
5,Ontario & Yates Counties PUMA,45165,26186,18979,62710.12128860843,73330.59115557931,48056.68201696612,18131,9240,8891,93707.04814957807,123544.31818181818,62698.570464514676,23813,14426,9387,42736.18065762398,46970.15749341467,36229.378715244486,3221,2520,701,35896.76125426886,40116.614285714284,20726.961483594863
6,Monroe County (Central)--Greece & Gates Towns PUMA,44487,24356,20131,54421.82480275137,59755.15257020857,47969.16318116338,14629,6756,7873,74744.80135347597,93846.74748371818,58352.98780642703,28410,16610,11800,45047.603695881735,47286.08488862131,41896.65686440678,1448,990,458,33024.585635359115,36309.09090909091,25924.890829694323
7,Nassau County (East Central)--Oyster Bay Town (Central) PUMA,24508,13608,10900,97271.31426472988,116524.35773074662,73235.0376146789,14105,7582,6523,118621.02020560086,146545.6291216038,86162.88977464357,9452,5461,3991,71446.49597968684,81818.51309284013,57254.166875469804,951,565,386,37290.85173501577,49103.71681415929,20000.0
8,"Clinton, Franklin, Essex & Hamilton Counties PUMA",50666,27978,22688,46983.17305490862,50742.73815140467,42347.016837094496,12321,5583,6738,67262.7854881909,76517.49059645351,59594.48352626892,35885,20376,15509,40564.87128326599,44928.078032979975,34832.412663614676,2460,2019,441,39038.31707317073,38151.88707280832,43096.598639455784
9,NYC-Manhattan Community District 8--Upper East Side PUMA,71093,35140,35953,166037.2887766728,199034.17615253272,133786.555252691,60265,29293,30972,185049.67993030782,228173.1932543611,144263.90323518016,10828,5847,4981,60220.724972294054,53050.042756969386,68638.10680586228,0,0,0,#DIV/0!,0.0,0.0
10,Suffolk County (Southwest)--Islip Town (South) PUMA,32712,18576,14136,83779.23147468819,94306.00021533162,69946.0922467459,15899,8068,7831,100965.2437260205,115349.69013386217,86145.46162686757,16280,9975,6305,68704.71805896806,80637.58997493735,49825.987311657416,533,533,0,31570.356472795498,31570.356472795498,0.0
11,Erie County (Northwest) PUMA,37159,19459,17700,53917.245512527246,59287.30541137777,48013.516949152545,15408,7738,7670,64358.14758566978,71842.8518997157,56807.08604954368,20716,10930,9786,47165.2765977988,52160.93046660567,41585.622317596564,1035,791,244,33627.74685990338,34933.90391908976,29393.44262295082
12,"NYC-Queens Community District 8--Briarwood, Fresh Meadows & Hillcrest PUMA",20928,10368,10560,60587.41351299694,63443.361304012345,57783.392045454544,12676,6449,6227,65435.75497002209,72943.26407194915,57660.594186606715,7429,3625,3804,55690.491317808584,48335.161379310346,62699.71083070452,823,294,529,30115.552855407048,41342.51700680272,23875.992438563328
13,NYC-Brooklyn Community District 5--East New York & Starrett City PUMA,23131,9906,13225,40671.847131555056,46753.98102160307,36116.110396975426,5439,2172,3267,55212.70821842251,63435.414364640885,49746.00550964187,15188,7055,8133,37610.0260732157,43919.93139617293,32136.476085085455,2504,679,1825,27658.746006389778,22839.61708394698,29451.72602739726
14,Rockland County (North)--New City & Congers PUMA,26490,13513,12977,80588.71291053228,92001.60586102272,68704.4235955922,13543,6874,6669,97128.563095326,110236.70061099797,83617.49137801769,11376,5964,5412,66451.62579113925,75863.42052313883,56079.869733924614,1571,675,896,40375.03500954806,48890.637037037035,33959.82142857143
15,"Otsego, Schoharie, Oneida (South) & Herkimer (South) Counties PUMA",36703,20592,16111,48860.58414843473,53173.21552059052,43348.46787908882,9903,4168,5735,65987.03524184591,81228.60460652591,54909.988840453356,24955,15282,9673,42664.77780004007,45623.737076298916,37990.03204796857,1845,1142,703,40737.60433604336,51803.92294220666,22760.739687055477
16,NYC-Brooklyn Community District 7--Sunset Park & Windsor Terrace PUMA,18594,9561,9033,74547.86382704099,73109.69145486873,76070.10074172479,12479,5491,6988,86591.19160189117,88194.2196321253,85331.57126502576,4727,2983,1744,54376.94097736408,57752.363392557825,48603.497706422015,1388,1087,301,34965.20172910663,39054.27782888684,20198.338870431893
17,NYC-Brooklyn Community District 11--Bensonhurst & Bath Beach PUMA,18246,8736,9510,55271.53019839965,54675.88484432235,55818.69716088328,8017,2873,5144,62881.61282275165,54188.927949878176,67736.60575427682,9631,5586,4045,50279.33236424047,55271.203007518794,43385.737948084054,598,277,321,33649.163879598666,47721.29963898917,21505.919003115265
18,Tompkins County PUMA,28684,14196,14488,62910.30250313764,71412.50436742745,54579.4592076201,16474,8662,7812,81278.14513779289,88380.14453936735,73403.39874551972,11361,4685,6676,39271.65337558313,48846.403415154746,32552.404733373278,849,849,0,22824.14605418139,22824.14605418139,0.0
19,Dutchess County (Southwest) PUMA,48142,27606,20536,66208.24780856633,70057.31167137579,61034.05336969225,17570,8353,9217,92344.35537848606,99039.5769184724,86276.74275794727,28098,17826,10272,52466.81550288277,58951.82093571188,41212.75525700935,2474,1427,1047,36659.07841552142,39137.631394533986,33280.95510983763
20,NYC-Queens Community District 9--Richmond Hill & Woodhaven PUMA,21547,11245,10302,57384.777927321666,62846.85726989773,51422.72374296253,8864,4066,4798,76932.82942238267,94299.45892769306,62215.7148812005,11722,6377,5345,44769.81743729739,46545.31911557158,42651.50608044902,961,802,159,30952.559833506763,33007.24438902743,20588.67924528302
21,Westchester County (Northwest) PUMA,37605,20714,16891,101599.80053184417,123238.93463358116,75063.00438103132,23106,11930,11176,125330.47563403445,157546.9765297569,90940.45633500358,13231,7849,5382,65627.92903030761,79820.97872340426,44929.07227796358,1268,935,333,44520.03154574132,49968.98395721925,29220.42042042042
22,Albany County (Outside Albany City) PUMA,68087,36554,31533,70635.20570740376,81665.5537287301,57848.49522722227,29187,15539,13648,95056.23976427862,119172.08057146534,67599.02623094959,36427,18798,17629,53406.035083866365,56047.69390360676,50589.20471949629,2473,2217,256,36195.36635665184,35996.00405953992,37921.875
23,Monroe County (South) PUMA,54299,31015,23284,79471.18923000424,88322.74899242302,67680.64095516234,33354,18029,15325,98276.51657972057,113190.2379499695,80731.36274061991,19892,12159,7733,50304.50281520209,55287.709515585164,42469.14651493599,1053,827,226,34790.12345679013,31898.428053204352,45371.681415929204
24,Jefferson & Lewis Counties PUMA,44219,26830,17389,51233.91671001153,56690.71912038763,42814.45563287136,10745,4982,5763,69591.15039553281,88276.71397029306,53437.84868991844,30526,19322,11204,45938.301513463935,50630.88215505641,37845.65217779364,2948,2526,422,39159.789687924014,40747.2288202692,29657.725118483413
25,"Chenango, Delaware & Broome (East) Counties PUMA",31323,17556,13767,46195.872042907766,50773.370243791294,40358.539405825526,7291,3161,4130,56278.85420381292,63180.391015501424,50996.58837772397,22781,13509,9272,42845.64171897634,47208.45821304316,36489.16113028473,1251,886,365,48439.33653077538,60863.44243792325,18281.095890410958
26,Erie County (Central) PUMA,52808,28000,24808,50092.028461596725,51066.6965,48991.95166881651,15259,6878,8381,65351.21914935448,65280.65862169235,65409.12576064909,36578,20517,16061,43835.841653452895,46136.879758249255,40896.398356266734,971,605,366,45971.338825952625,56655.818181818184,28309.83606557377
27,St. Lawrence County PUMA,30957,17143,13814,52331.73647317247,57747.62095315872,45610.69205154191,9897,5471,4426,69915.83772860463,77529.73057941876,60504.267962042475,19436,10268,9168,43684.202510804695,48131.41312816517,38703.404232111694,1624,1404,220,48664.01477832512,50989.28774928775,33824.545454545456
28,"NYC-Manhattan Community District 9--Hamilton Heights, Manhattanville & West Harlem PUMA",22790,11211,11579,87071.476349276,118560.98260636875,56582.75930563952,15919,8187,7732,108150.33268421383,147885.00989373398,66077.41464045524,6432,2585,3847,39758.98631840796,43121.315280464216,37499.66207434364,439,439,0,15908.883826879272,15908.883826879272,0.0
29,Suffolk County (North Central)--Brookhaven Town (North) PUMA,31630,19404,12226,94062.73382864369,103119.05560709132,79689.36005234746,17074,9199,7875,114886.99900433408,130410.36036525709,96753.74171428572,13955,9701,4254,69971.76280902902,79365.99835068549,48548.75411377527,601,504,97,61843.09484193011,62197.81746031746,60000.0
30,NYC-Brooklyn Community District 1--Greenpoint & Williamsburg PUMA,46652,27469,19183,79626.6110777673,85662.63387818995,70983.3587030183,32904,17788,15116,91438.30689277899,102541.37283561952,78372.59261709447,12309,8611,3698,53786.59598667642,57469.52154221345,45210.6976744186,1439,1070,369,30573.59277275886,31954.11214953271,26570.460704607045
31,Cayuga & Onondaga (South) Counties PUMA,38924,22088,16836,62537.07643099373,70288.60295182905,52367.45669992873,12880,5787,7093,91219.0605590062,115718.78002419215,71230.35668969406,24498,15057,9441,49170.60413094947,55702.509065550905,38753.18091303887,1546,1244,302,35388.22962483829,35496.30466237942,34943.046357615895
32,Nassau County (Southeast)--Oyster Bay Town (South) PUMA,34060,20845,13215,93127.92800939518,104275.18771887742,75544.52818766554,17379,9113,8266,108255.62805685023,124384.17864589048,90474.41809823373,16516,11663,4853,77703.84281908453,89096.91057189403,50323.38759530187,165,69,96,43672.72727272727,14000.0,65000.0
33,Fulton & Montgomery Counties PUMA,34126,18540,15586,45789.87906581492,50765.10533980583,39871.702810214294,7162,2951,4211,64614.22647305222,76430.20670958997,56333.78057468535,23350,13710,9640,42491.56715203426,47408.86673960613,35498.1877593361,3614,1879,1735,29795.304371887105,34946.221394358705,24216.876080691643
34,Onondaga County (Central)--Syracuse City (Outer) PUMA,56100,30798,25302,67426.69950089126,77860.05039288265,54727.057544858115,25826,14275,11551,88044.94377758847,102051.01492119089,70735.90857934378,29241,15972,13269,50253.05646181731,57489.77548209366,41542.16067525812,1033,551,482,38082.76863504356,41613.24863883848,34046.88796680498
35,NYC-Staten Island Community District 2--New Springville & South Beach PUMA,28632,15382,13250,70051.4333612741,79934.47211025875,58578.157735849054,11007,4990,6017,83998.988825293,104665.04408817635,66860.27920890809,16781,9833,6948,62806.23145223765,69888.54673039765,52783.14478986759,844,559,285,32209.00473933649,35884.436493738816,25000.0
36,Niagara County (Southwest)--Greater Niagara Falls & North Tonawanda Area PUMA,32537,17104,15433,44945.35593324523,49346.37652011225,40067.81714507873,6312,2804,3508,53312.32921419518,60957.34664764622,47201.545610034205,24774,13409,11365,44142.666666666664,48545.54582742934,38947.92784865816,1451,891,560,22253.066850447965,24858.361391694725,18107.85714285714
37,Suffolk County (Central)--Brookhaven Town (Central) PUMA,35840,22020,13820,72800.623828125,80957.35513169845,59804.15325615051,13494,7317,6177,96573.62368460056,118103.87727210605,71069.8410231504,21217,13790,7427,58964.97525569119,62885.69180565627,51685.22822135452,1129,913,216,48671.39061116032,56211.61007667032,16800.0
38,"NYC-Bronx Community District 7--Bedford Park, Fordham North & Norwood PUMA",15800,8500,7300,48385.45886075949,46870.17647058824,50149.82876712329,3862,1567,2295,52039.19212843086,54426.54754307594,50409.132897603486,9597,5357,4240,45265.55069292487,51410.06160164271,37502.30896226415,2341,1576,765,55147.970952584365,23925.380710659898,119470.58823529411
39,NYC-Queens Community District 4--Elmhurst & South Corona PUMA,7600,4114,3486,46228.8052631579,50386.12542537676,41322.54733218589,3574,1938,1636,52224.76776720761,57266.5221878225,46252.322738386305,3222,1683,1539,40356.79702048417,43162.210338680925,37288.88888888889,804,493,311,43106.96517412936,48000.0,35350.48231511254
40,"NYC-Brooklyn Community District 6--Park Slope, Carroll Gardens & Red Hook PUMA",47948,24917,23031,115070.71448235589,123469.89003491592,105983.73357648386,41628,20936,20692,123942.07067358508,135285.39596866642,112464.98492170888,5377,3377,2000,61573.14487632509,66925.67367485934,52535.4,943,604,339,28495.546129374336,30059.933774834437,25708.25958702065
41,Suffolk County (Central)--Islip Town (East) PUMA,35491,17946,17545,78216.47555718351,92202.25420706563,63911.04474209176,15954,7361,8593,96116.67920270779,112761.49164515692,81858.27534039335,19082,10130,8952,63710.37805261503,78757.18795656465,46683.54781054513,455,455,0,58931.868131868134,58931.868131868134,0.0
42,"NYC-Brooklyn Community District 9--Crown Heights South, Prospect Lefferts & Wingate PUMA",18628,8724,9904,50864.081490229764,53711.932599724896,48355.5341276252,9964,4903,5061,57799.09775190686,67504.20150928003,48396.978857933216,8096,3511,4585,44536.017786561264,37211.30731985189,50144.97273718648,568,310,258,19405.457746478874,22454.516129032258,15741.860465116279
43,"NYC-Queens Community District 7--Flushing, Murray Hill & Whitestone PUMA",25906,15193,10713,69100.06639388559,75335.3649707102,60257.268738915336,11763,6043,5720,81786.20845022528,92363.85073638921,70611.26223776223,13625,8789,4836,59580.935779816515,65459.84184776425,48896.54673283706,518,361,157,31399.42084942085,30717.174515235456,32968.15286624204
44,NYC-Queens Community District 3--Jackson Heights & North Corona PUMA,15847,9676,6171,58778.437559159465,61231.99669284828,54931.307729703454,8030,5330,2700,72257.03611457036,70963.22701688555,74811.11111111111,6186,3216,2970,43413.85386356289,43988.74378109453,42791.3468013468,1631,1130,501,50692.70386266094,64406.19469026549,19762.075848303393
45,Saratoga County (Outer) PUMA,42601,24703,17898,62528.98112720359,70729.90770351779,51209.97960665996,16182,8362,7820,80445.25707576319,97127.23283903372,62607.062531969306,25561,15543,10018,50821.909745315126,56170.877501125906,42522.947294869235,858,798,60,73395.26806526807,77693.03258145363,16235.0
46,"NYC-Bronx Community District 12--Wakefield, Williamsbridge & Woodlawn PUMA",18971,7966,11005,44298.80501818565,44844.37358774793,43903.89368468878,5361,1788,3573,63440.42902443574,55049.55257270693,67639.38986845787,11843,5185,6658,37581.912522164996,44470.02507232401,32217.709522379093,1767,993,774,31242.727787209962,28423.56495468278,34859.56072351421
47,"NYC-Brooklyn Community District 15--Sheepshead Bay, Gerritsen Beach & Homecrest PUMA",15496,9061,6435,70030.8389261745,80504.75996026928,55282.71173271173,7852,3827,4025,72935.43046357617,86479.81447609093,60057.32919254658,7287,4967,2320,66072.57856456704,76172.21260318099,44449.78448275862,357,267,90,86941.17647058824,75460.67415730337,121000.0
48,Wayne & Seneca Counties PUMA,41612,22708,18904,49696.70989137749,55904.14400211379,42240.17086330935,9705,4464,5241,63222.22689335394,70464.66666666667,57053.508872352606,29867,16658,13209,46256.09267753708,53713.085004202185,36852.00620788856,2040,1586,454,35724.049019607846,37934.716267339216,28001.321585903082
49,Schenectady County--Schenectady City PUMA,45326,24594,20732,60364.70935004192,66907.04659673091,52603.65193903145,19988,10515,9473,80154.87592555533,94885.81112696149,63803.58450332524,24165,13252,10913,45603.441175253465,47048.15122245699,43849.08421149088,1173,827,346,27236.14663256607,29389.963724304715,22088.15028901734
50,NYC-Brooklyn Community District 10--Bay Ridge & Dyker Heights PUMA,25249,13763,11486,71137.76909976633,79124.95531497493,61567.19240814905,16945,8226,8719,76775.2393036294,88651.27157792366,65570.71567840349,7704,5260,2444,57953.93328141225,60652.5855513308,52145.8682487725,600,277,323,81206.66666666667,146999.27797833935,24783.90092879257
51,Nassau County (Northwest)--North Hempstead Town (North) PUMA,25457,15200,10257,142607.0592764269,170033.77815789473,101962.99892756167,18340,11190,7150,170844.45190839694,205259.24647006256,116984.09510489511,6920,3827,3093,71214.112716763,74189.04102430101,67533.2040090527,197,183,14,21619.289340101524,20442.622950819674,37000.0
52,Suffolk County (West Central)--Babylon Town (Northwest) PUMA,27663,15600,12063,66447.7457253371,70494.43525641026,61214.523750310866,10680,4564,6116,81612.83707865169,97972.02015775636,69404.97056899934,15911,9964,5947,59064.823078373454,62809.15295062224,52791.32335631411,1072,1072,0,24942.621268656716,24942.621268656716,0.0
53,"NYC-Manhattan Community District 4 & 5--Chelsea, Clinton & Midtown Business District PUMA",62693,36994,25699,153789.15516883862,172148.44934313672,127360.74438694112,55243,32400,22843,165053.1127020618,183222.60293209876,139281.9143720177,7211,4492,2719,70710.49785050617,93920.61442564559,32365.575579257078,239,102,137,56824.26778242678,99568.62745098039,25000.0
54,Columbia & Greene Counties PUMA,31979,17804,14175,55058.23146439851,59983.20501011009,48872.39520282187,11057,5819,5238,74762.81541105182,80343.31500257776,68563.32569683086,20065,11385,8680,45174.23842511837,51235.73930610452,37223.75599078341,857,600,257,32244.620770128357,28507.233333333334,40970.038910505835
55,Rensselaer County--Troy City PUMA,59117,31768,27349,61035.30776257253,66072.9859921934,55183.650956159276,19679,8975,10704,84549.47685349865,103864.49860724233,68354.37967115098,37005,20653,16352,49777.57962437508,52105.83179199148,46836.93676614481,2433,2140,293,42069.790382244144,42374.299065420564,39845.733788395904
56,Erie County (West Central)--Buffalo City (West) PUMA,32432,17879,14553,51500.91748889985,53943.266961239446,48500.38383838384,16839,8699,8140,66288.60122335056,69391.27141050696,62972.86068796069,14271,8188,6083,36850.234741784036,41586.67562286273,30474.765740588526,1322,992,330,21296.74735249622,20469.052419354837,23784.848484848484
57,Erie County (South) PUMA,64286,36554,27732,59371.42984475625,65658.97877113312,51083.7093970864,24837,11970,12867,75300.36538229254,90556.44828738512,61107.83313903785,37312,23007,14305,48993.26125643225,53135.811883339855,42330.71932890598,2137,1577,560,55442.20870379036,59379.83512999366,44353.57142857143
58,Oneida County (Central)--Greater Utica & Rome Cities PUMA,42293,22457,19836,55601.632799754094,59010.97813599323,51741.79874974793,13831,7016,6815,86475.71079459185,86495.54247434436,86455.29420396185,26708,14001,12707,40993.799610603564,47356.23955431755,33983.449279924454,1754,1440,314,34579.19042189282,38418.125,16973.885350318473
59,"NYC-Manhattan Community District 12--Washington Heights, Inwood & Marble Hill PUMA",43790,23214,20576,53752.43092030144,55236.213922632895,52078.41562986003,27106,12912,14194,61045.185198848965,62155.5196716233,60035.135972946315,14767,9022,5745,45242.328164149796,51325.205054311686,35689.723237597915,1917,1280,637,16189.201877934272,13004.21875,22589.16797488226
60,NYC-Brooklyn Community District 13--Brighton Beach & Coney Island PUMA,12031,5458,6573,44871.313274042055,45343.31256870649,44479.38080024342,4662,1370,3292,56568.704418704416,68299.41605839416,51686.846901579585,5962,3051,2911,39650.22978866152,41812.38938053097,37384.08450704225,1407,1037,370,28236.531627576405,25404.050144648023,36175.13513513513
61,NYC-Manhattan Community District 10--Central Harlem PUMA,34652,15162,19490,57124.50268382777,63592.27991030207,52092.97685992817,18586,8426,10160,72519.80829656731,81854.00166152386,64778.6750984252,13705,4813,8892,41691.98905508938,47744.593808435486,38415.87719298246,2361,1923,438,25513.087674714105,23239.521580863235,35494.97716894977
62,Nassau County (West Central)--North Hempstead Town (South) PUMA,26924,14487,12437,83999.91182588026,107111.8630496307,57078.40041810726,16506,8636,7870,102134.1709681328,134715.96340898564,66381.13926302415,9879,5648,4231,56646.48243749367,67386.24291784702,42309.879461120305,539,203,336,30011.87384044527,38054.187192118225,25152.97619047619
63,NYC-Brooklyn Community District 16--Brownsville & Ocean Hill PUMA,17970,8569,9401,44308.07289927657,47465.27366087058,41430.288267205615,4655,2317,2338,60037.12137486574,53208.243418213206,66804.66210436271,11453,5249,6204,36117.89400157164,39697.19946656506,33089.561573178595,1862,1003,859,55362.52953813104,74851.27617148554,32606.75203725262
64,Albany County (East Central)--Albany City PUMA,30168,15933,14235,50678.194146115085,52159.14962656122,49020.5851773797,12826,6750,6076,62088.59823795415,61259.5957037037,63009.56056616195,15917,8558,7359,44355.09203995728,47595.099322271555,40587.191194455765,1425,625,800,18604.491228070176,16368.96,20351.0
65,Nassau County (West Central)--Hempstead Town (West Central) PUMA,24028,14250,9778,83105.80048277011,93327.69684210526,68208.88668439354,13194,7309,5885,103981.26345308474,126017.70967300588,76612.63381478334,10649,6756,3893,58263.06545215513,59852.31497927768,55505.04597996404,185,185,0,24291.891891891893,24291.891891891893,0.0
66,Chemung (South) & Steuben (East) Counties--Greater Elmira & Greater Corning Cities PUMA,33496,18059,15437,62585.54952830189,69155.78531480148,54899.34831897389,10533,4376,6157,100409.11801006361,128274.52239488118,80604.17898327108,21807,12871,8936,46485.854404549,52020.69901328568,38513.7209042077,1156,812,344,21660.29411764706,22163.300492610837,20472.96511627907
67,"NYC-Bronx Community District 3 & 6--Belmont, Crotona Park East & East Tremont PUMA",23826,10131,13695,37350.726936959625,38175.66577830422,36740.470974808326,4472,1780,2692,55099.400715563504,54205.20786516854,55690.65750371471,15590,6128,9462,35606.62604233483,38936.79830287206,33449.86260832805,3764,2223,1541,23487.40701381509,23242.330184435446,23840.947436729395
68,"NYC-Bronx Community District 5--Morris Heights, Fordham South & Mount Hope PUMA",15269,7357,7912,40344.819569061496,41261.208372978115,39492.71233569262,4158,1583,2575,55629.34102934103,66777.51105495894,48775.922330097084,8620,3930,4690,36340.404872389794,35470.063613231556,37069.71002132196,2491,1844,647,28688.863910076274,31698.785249457702,20110.35548686244
69,"NYC-Bronx Community District 8--Riverdale, Fieldston & Kingsbridge PUMA",22477,11640,10837,68846.54793789207,64627.54536082474,73378.17015779275,13068,6728,6340,88736.08126721763,81972.8418549346,95913.22239747635,8060,3997,4063,41998.405459057074,39899.51163372529,44063.20452867339,1349,915,434,36585.32246108228,45107.10382513661,18618.89400921659
70,Erie County (Northeast) PUMA,40449,22032,18417,69437.36146752701,74812.47821350762,63007.18434055492,19685,9558,10127,87248.31689103378,93143.78510148567,81684.09400612225,19644,11473,8171,53266.367135003056,62379.065806676546,40471.116631991186,1120,1001,119,40021.607142857145,42282.91708291708,21000.0
71,NYC-Manhattan Community District 11--East Harlem PUMA,25380,12166,13214,67933.87549251379,80928.8665132336,55969.51490843045,14621,6553,8068,85485.03932699542,105860.25179307187,68935.86142786316,10157,5106,5051,46302.29398444422,56502.30317273796,35991.21758067709,602,507,95,6632.225913621262,4689.546351084813,17000.0
72,Orange County (Southeast) PUMA,33680,21088,12592,74808.7460807601,82754.25720789074,61502.28653113088,15021,8485,6536,95673.42800079889,108795.21154979375,78638.79926560588,17703,11647,6056,56819.16093317517,64000.687387310034,43007.52972258917,956,956,0,80102.92887029289,80102.92887029289,0.0
73,Westchester County (Southeast) PUMA,24399,14312,10087,146636.58625353497,179783.81218557854,99605.44740755428,18561,10108,8453,174351.3925973816,234172.31895528294,102818.21814740328,5335,3701,1634,60677.01405810684,50827.91677924885,82985.15911872705,503,503,0,35662.02783300199,35662.02783300199,0.0
74,NYC-Queens Community District 1--Astoria & Long Island City PUMA,43852,23821,20031,65383.619629663415,68110.5148398472,62140.77749488293,31803,16544,15259,72672.27104361224,78638.62221953578,66203.47794744086,10931,6500,4431,44936.899826182416,42708.032,48206.50959151433,1118,777,341,57961.53846153846,56449.16344916345,61407.624633431085
75,Livingston & Wyoming Counties PUMA,32705,18150,14555,50609.33053049992,55157.24958677686,44938.10202679491,7946,3125,4821,63337.34709287692,71138.2208,58280.775772661276,22420,13489,8931,47591.758920606604,53048.15331010453,39350.65446198634,2339,1536,803,36294.29670799487,41165.755208333336,26976.0398505604
76,Suffolk County (Central)--Brookhaven Town (West Central) PUMA,39047,21959,17088,71056.07770123184,81339.63686870987,57841.15051498127,12767,5823,6944,81926.53528628495,92416.89438433797,73129.68029953918,25211,15387,9824,66723.30292332712,78930.55891336843,47603.489413680785,1069,749,320,43413.844714686624,44711.61548731642,40376.25
77,Westchester County (Southwest)--Yonkers City PUMA,39197,19895,19302,72638.96242059341,82492.06031666248,62483.15563154077,18628,7966,10662,92947.15589435259,115071.52146623148,76417.1712624273,18148,10461,7687,57663.69903019616,64713.57613994838,48069.73982047613,2421,1468,953,28636.50557620818,32391.743869209808,22851.941238195173
78,Erie County (North Central) PUMA,33752,19551,14201,87887.83669115904,95594.75678993402,77277.45750299275,22239,12521,9718,108392.29241422725,118775.51481511061,95014.19736571312,11294,6962,4332,48788.74384629007,54447.6973570813,39694.1837488458,219,68,151,22073.059360730593,40000.0,14000.0
79,Saratoga County (South & Central) PUMA,38352,23510,14842,72214.00826554027,77575.42854104636,63721.42029376095,19216,10667,8549,88923.78762489592,101305.36823849255,73474.691776816,18546,12403,6143,56433.96214817211,58951.453841812465,51351.03044115253,590,440,150,24013.35593220339,27270.636363636364,14458.666666666666
80,Suffolk County (South Central)--Brookhaven Town (South) PUMA,37609,20109,17500,71605.24422345715,80135.74170769307,61802.97142857143,13159,5584,7575,96581.93327760468,125591.40401146132,75197.26204620462,23227,13507,9720,59644.989451930946,65034.66572888132,52155.44650205761,1223,1018,205,30012.919051512672,31163.064833005894,24301.463414634145
81,"NYC-Staten Island Community District 3--Tottenville, Great Kills & Annadale PUMA",48347,25634,22713,69405.24334498521,76816.76055239135,61040.56971778277,19687,10059,9628,84186.60943770001,93727.46296848594,74218.65704196095,27868,14924,12944,60006.219319649776,67071.83663897078,51859.79836217553,792,651,141,32702.272727272728,38918.89400921659,4000.0
82,Herkimer (North & Central) & Oneida (Outer) Counties PUMA,38956,21379,17577,49897.61977615771,55301.749660882175,43324.547419923765,10399,4552,5847,69360.31176074622,80868.98330404218,60400.59346673508,26088,15181,10907,43323.90348052744,49241.53178314999,35087.402585495554,2469,1646,823,37383.475091130014,40488.94289185905,31172.539489671934
83,Niagara County (North & East) PUMA,35690,20748,14942,57534.874194452226,65154.16714864083,46954.959175478514,11360,5502,5858,80459.0713028169,96832.55906942929,65080.62649368385,22660,14020,8640,47886.633274492495,55124.78031383738,36141.399305555555,1670,1226,444,32511.077844311378,37680.66884176183,18236.486486486487
84,Monroe County (Central)--Rochester City (East) PUMA,28103,15053,13050,44396.92015087357,47804.27642330433,40466.580383141765,10623,5019,5604,58641.17829238445,65852.18031480374,52182.93076374019,14767,8075,6692,36503.55590167265,39817.35975232198,32504.905857740585,2713,1959,754,31586.214522668633,34487.238386932106,24048.93899204244
85,Warren & Washington Counties PUMA,39778,22686,17092,51031.71720549047,54268.16657850657,46736.01802012637,10244,3713,6531,78863.54812573214,96376.66226770806,68907.0035216659,28164,17755,10409,42128.65573072007,47379.50323852436,33172.0991449707,1370,1218,152,25948.905109489053,26320.197044334975,22973.684210526317
86,Nassau County (Southwest)--Hempstead Town (Southwest) & Long Beach City PUMA,27084,14893,12191,96220.11682173978,113459.22070771504,75160.15667295546,16616,8274,8342,113319.31596051998,142208.76649746194,84665.35842723568,10138,6355,3783,69695.86604853028,78292.34303697875,55254.78456251652,330,264,66,50106.666666666664,58958.333333333336,14700.0
87,NYC-Brooklyn Community District 8--Crown Heights North & Prospect Heights PUMA,33060,16206,16854,61388.90199637024,69900.36529680365,53204.686127922156,20948,9800,11148,71737.90624403284,84969.81224489796,60105.98313598852,10790,5462,5328,44534.85264133457,49575.42292200659,39367.511261261265,1322,944,378,34962.46596066566,31059.533898305086,44709.4708994709
88,Onondaga County (Central)--Syracuse City PUMA,32743,16724,16019,49367.731454051245,53515.225902894046,45037.70478806418,12430,6253,6177,68285.43869670153,75310.22517191748,61174.22130484054,16695,9183,7512,39909.58897873615,41321.24578024611,38183.91746538871,3618,1288,2330,28017.976782752903,34643.47826086957,24355.4678111588
89,Westchester County (Central)--White Plains City PUMA,46366,24941,21425,126791.07550791529,154080.7803616535,95022.92947491248,32641,16209,16432,150632.2817009283,195799.5029304707,106078.02848101266,13212,8324,4888,71390.3042688465,78768.21239788563,58826.125204582655,513,408,105,36643.27485380117,33205.882352941175,50000.0
90,NYC-Brooklyn Community District 3--Bedford-Stuyvesant PUMA,34214,17298,16916,58344.99561582978,59438.71892704359,57226.5736580752,14565,6651,7914,82883.31754205287,89458.0213501729,77357.87465251453,17864,9651,8213,40418.59046126287,42192.4981867164,38334.092292706686,1785,996,789,37525.187675070025,26090.220883534137,51960.20278833967
91,"NYC-Bronx Community District 1 & 2--Hunts Point, Longwood & Melrose PUMA",17751,8191,9560,43256.95791786378,52350.65315590282,35465.487447698746,3666,1314,2352,51844.46262956901,42244.596651445965,57207.65306122449,10812,5295,5517,38345.575286718464,48241.98300283286,28847.391698386804,3273,1582,1691,49862.542010388024,74496.52338811631,26816.43997634536
92,Cattaraugus & Allegany Counties PUMA,36160,20056,16104,43240.031194690266,49133.34852413243,35900.465101838054,8210,3667,4543,57803.43727161997,74520.38178347424,44309.92295839753,25847,14771,11076,39488.857043370605,44344.829598537675,33012.911700975084,2103,1618,485,32489.215406562053,35311.94066749073,23072.371134020617
93,Oswego County PUMA,36956,21191,15765,48739.578092867196,54910.49351139635,40444.75610529655,7053,3577,3476,69198.35899617184,83200.21973720995,54789.65477560414,27481,16078,11403,45134.003493322656,50538.08993655927,37514.350609488734,2422,1536,886,30072.77952105698,34797.963541666664,21881.03837471783
94,"NYC-Queens Community District 5--Ridgewood, Glendale & Middle Village PUMA",35046,19229,15817,71042.4904411345,80357.89224608665,59717.595624960486,12530,6054,6476,78867.80686352753,76575.52196894615,81010.71803582458,20596,12245,8351,68900.36414837833,85313.94855042874,44833.26547718836,1920,930,990,42952.916666666664,39725.16129032258,45985.0505050505
95,Monroe County (East) PUMA,45118,24971,20147,64048.13185424886,72513.2426414641,53556.133965354646,21497,11610,9887,79884.86356235754,93410.06304909561,64002.6378072216,22066,12126,9940,50016.962793437866,55472.187860794984,43362.02726358149,1555,1235,320,44221.47909967846,43385.91093117409,47446.25
96,Westchester County (South Central)--New Rochelle & Mount Vernon Cities PUMA,41757,21464,20293,101386.33096247335,117774.83656354826,84052.13275513724,24951,12034,12917,134646.47677447798,167320.61093568223,104205.93094371758,15017,8321,6696,53261.28254644736,56579.24047590434,49138.115292712064,1789,1109,680,41475.7406372275,39302.97565374211,45019.26470588235
97,"NYC-Queens Community District 14--Far Rockaway, Breezy Point & Broad Channel PUMA",21039,11372,9667,62930.607443319546,67409.26925782624,57662.02958518672,9309,5359,3950,83626.78912880008,91908.60981526405,72390.76962025317,10654,5354,5300,47931.81621926037,47721.32424355622,48144.45283018868,1076,659,417,32388.197026022306,28133.535660091045,39111.99040767386
98,"NYC-Brooklyn Community District 12--Borough Park, Kensington & Ocean Parkway PUMA",19180,13451,5729,62905.49233576642,67509.97866329641,52094.71460987956,7894,5158,2736,76715.61477071194,81999.73303606048,66753.81578947368,8802,6264,2538,53253.83776414451,58613.34610472542,40026.11505122144,2484,2029,455,53218.19645732689,58141.00542138985,31265.714285714286
99,"NYC-Bronx Community District 10--Co-op City, Pelham Bay & Schuylerville PUMA",29738,14597,15141,55655.10760642948,57813.59868466123,53574.16881315633,9026,3149,5877,74154.11588743629,82512.97237218164,69675.29351710057,18782,10140,8642,48727.752103077415,52722.81558185404,44040.186299467714,1930,1308,622,36555.38860103627,37815.29051987768,33905.94855305466
100,"NYC-Queens Community District 11--Bayside, Douglaston & Little Neck PUMA",19448,11411,8037,81786.02601809955,83846.18999211288,78860.98793081996,12215,5563,6652,94321.58444535408,108407.16771526154,82541.95429945881,6830,5483,1347,61672.53587115666,61708.68867408353,61525.374907201185,403,365,38,42712.307692307695,42057.69863013698,49000.0
101,"NYC-Manhattan Community District 6--Murray Hill, Gramercy & Stuyvesant Town PUMA",57002,26268,30734,129800.96277323602,145276.83005938784,116573.91514283855,54228,24199,30029,131475.57704506896,151315.0035951899,115487.88904059409,2698,1993,705,98249.40252038547,75403.9136979428,162832.46524822694,76,76,0,55000.0,55000.0,0.0
102,Chautauqua County PUMA,39072,22068,17004,43555.18622031122,48252.516131955774,37458.93378028699,10202,4931,5271,59660.02156439914,68221.94078280267,51650.37943464238,26065,15120,10945,38757.65187032419,43774.38597883598,31827.270899954317,2805,2017,788,29560.96256684492,33002.19137332672,20752.63959390863
103,NYC-Brooklyn Community District 18--Canarsie & Flatlands PUMA,32550,14703,17847,64369.58211981567,77973.37876623818,53162.285538185686,14341,5061,9280,77991.50129000767,96787.90950405058,67740.57219827586,16793,8865,7928,55960.33573512773,70981.80236886632,39163.50151362261,1416,777,639,26138.31920903955,35193.436293436294,15127.636932707355
104,Erie County (West Central)--Buffalo City (East) PUMA,34650,18267,16383,39732.08484848485,43054.099742705424,36028.04736617225,8054,3592,4462,55236.65880307921,64001.155345211584,48181.0623038996,24603,13416,11187,36127.69946754461,39510.43455575432,32070.95736122285,1993,1259,734,21570.94831911691,21052.50198570294,22460.217983651226
105,Genesee & Orleans Counties PUMA,34223,19709,14514,50448.446834000526,52228.14379217616,48031.74245556015,8947,4001,4946,60011.32625461048,63160.896275931016,57463.52405984634,23296,14078,9218,47668.75600961538,50045.732348344936,44038.56801909308,1980,1630,350,39941.67676767677,44241.66871165644,19916.0
106,"NYC-Staten Island Community District 1--Port Richmond, Stapleton & Mariner's Harbor PUMA",34301,16813,17488,66525.70158304423,76206.7311009338,57218.33943275389,14192,6737,7455,79853.31242953776,88721.74113106725,71839.01274312542,18745,9842,8903,58755.976527073886,68242.47104247104,48268.94080646973,1364,234,1130,34632.77126099707,50867.52136752137,31270.88495575221
107,"Steuben (North & West), Schuyler & Chemung (North) Counties PUMA",32154,17952,14202,46079.898457423646,49800.385082442066,41377.02732009576,9182,3754,5428,61991.97734698323,71394.35322322855,55489.302505526895,20739,12783,7956,40660.7444910555,45019.14042087147,33658.057817999,2233,1415,818,30980.536945812808,35704.90388692579,22808.190709046456
108,Nassau County (South Central)--Hempstead Town (Southeast) PUMA,28744,15733,13011,82947.16469524075,94471.27388292125,69012.12435631389,15793,7283,8510,100071.2842398531,126598.79610050803,77368.59694477086,12887,8450,4437,62348.68549701249,66780.77159763314,53908.04372323642,64,0,64,5000.0,0.0,5000.0
109,"NYC-Bronx Community District 9--Castle Hill, Clason Point & Parkchester PUMA",27805,12519,15286,51647.455853263804,56541.60156562026,47639.2254350386,6399,1712,4687,67555.13517737147,64895.7418224299,68526.52016215063,18769,9053,9716,48499.46720656401,58403.60101623771,39271.171263894605,2637,1754,883,35451.53583617748,38777.08095781072,28845.63986409966
110,Suffolk County (East) PUMA,36549,21620,14929,83395.64048263975,88362.04273820536,76203.35588452006,16440,8126,8314,109863.19464720195,116299.7034211174,103572.23117632908,18780,12204,6576,63641.78615548456,75341.80383480826,41928.43217761557,1329,1290,39,35126.86230248307,35553.95348837209,21000.0
111,Orange County (Northwest) PUMA,36036,20261,15775,64875.98457098457,73603.95390158432,53666.00760697306,12651,5912,6739,81847.78839617422,98906.01319350474,66882.92343077608,21813,13152,8661,57793.36712052446,66445.84549878346,44654.30747026902,1572,1197,375,26569.9058524173,27286.21553884712,24283.445333333333
112,Broome County (West Central)--Greater Binghamton City & Greater Johnson City Village PUMA,31758,17298,14460,48239.75212544871,51271.466527922305,44613.016597510374,11877,6077,5800,65732.53010019365,72028.74444627283,59135.61724137931,18493,10535,7958,38204.63083328827,40876.25040341718,34667.87383764765,1388,686,702,32258.321325648416,27031.851311953353,37365.66951566951
113,"NYC-Bronx Community District 11--Pelham Parkway, Morris Park & Laconia PUMA",24498,13447,11051,51053.80194301576,55604.97434371979,45515.876391276804,8946,3299,5647,56381.336910351,64581.809639284635,51590.58792279086,13212,8009,5203,49435.12715712988,55890.6230490698,39498.15491062848,2340,2139,201,39825.51282051282,40690.3693314633,30621.890547263683
114,Suffolk County (Northwest)--Smithtown Town PUMA,39131,23059,16072,91414.65255168536,101507.4608179019,76934.18554006968,21930,11554,10376,105577.82745098039,117746.01575212048,92028.1698149576,17201,11505,5696,73357.65438055927,85199.7455888744,49438.542837078654,0,0,0,#DIV/0!,0.0,0.0
115,Ulster County (East) PUMA,48086,27371,20715,56719.984777274054,62013.940192174196,49725.012358194545,18312,9158,9154,71126.79871122762,80139.13376283032,62110.52556259558,28103,17088,11015,48853.55122228943,54276.987944756554,40439.96187017703,1671,1125,546,31138.180730101736,31985.955555555556,29391.391941391943
116,Westchester County (Northeast) PUMA,41354,22900,18454,142447.38044687334,174652.24109170306,102483.61601820744,28975,16342,12633,165414.92876617773,202322.15585607637,117671.88237156653,11981,6394,5587,91010.71780318838,107463.19205505161,72181.80776803293,398,164,234,18773.869346733667,37000.0,6000.0
117,NYC-Brooklyn Community District 4--Bushwick PUMA,30480,19172,11308,51391.80403543307,50285.71234091383,53267.112663600994,14104,7418,6686,60032.47213556438,59956.96643300081,60116.24439126533,14063,9868,4195,48224.14136386262,49367.207134171054,45535.28009535161,2313,1886,427,17962.86208387376,17052.651113467655,21983.138173302108
118,NYC-Manhattan Community District 3--Chinatown & Lower East Side PUMA,41201,23379,17822,82631.2388534259,89301.22853843193,73881.50880933678,30617,16953,13664,98839.85994708822,109829.49460272519,85204.95974824356,10189,6031,4158,36483.92187653352,36355.33079091361,36670.43771043771,395,395,0,16645.569620253165,16645.569620253165,0.0
119,Dutchess County (North & East) PUMA,39736,23131,16605,69165.88199617475,76480.66910207081,58976.28003613369,16923,8558,8365,91586.2410329138,107647.62993690114,75154.27854154214,20914,13020,7894,52021.83848140002,57373.51305683564,43195.0329364074,1899,1553,346,58176.303317535545,64921.31358660657,27901.73410404624
120,Nassau County (Central)--Hempstead Town (North Central)--Meadowbrook Corridor PUMA,23168,10412,12756,70460.6288846685,77638.28082981176,64601.918312950766,8702,3493,5209,96648.07515513674,96294.52619524764,96885.15454021885,13107,6108,6999,55610.02517738613,68369.10609037329,44475.22503214745,1359,811,548,46004.19426048565,67095.56103575832,14790.51094890511
121,Broome (Outer West) & Tioga Counties PUMA,36830,21607,15223,54251.124843877275,59149.67890035637,47298.28654010379,10413,5344,5069,78855.11091904351,89919.69386227545,67190.25961728151,24727,15100,9627,45176.91422331864,49405.71311258278,38544.02098265295,1690,1163,527,35420.769230769234,44273.43078245916,15884.440227703984
122,"Rockland County (South)--Orangetown, Clarkstown (South) & Ramapo (Southeast) Towns PUMA",26862,15778,11084,90686.77015858833,104505.6287235391,71015.71725009022,13318,7016,6302,111797.59753716775,136265.06470923603,84558.03078387813,13292,8615,4677,69568.42582004213,79697.22762623332,50911.24652555057,252,147,105,88905.15873015873,42602.04081632653,153729.52380952382
123,"NYC-Brooklyn Community District 17--East Flatbush, Farragut & Rugby PUMA",17086,7956,9130,44934.11939599672,47482.69859225742,42713.25454545455,5186,1671,3515,49334.54955649826,52348.08497905446,47901.941394025605,10804,5625,5179,45125.748796741944,49544.62222222222,40326.33519984553,1096,660,436,22223.357664233576,17591.21212121212,29235.32110091743
124,Orange County (Northeast)--Greater Newburgh City PUMA,37483,20650,16833,64328.19640903876,69611.9171912833,57846.35513574526,13222,6365,6857,88158.81076992891,95355.12961508248,81478.83855913665,23163,13499,9664,51604.351336182706,58158.55174457367,42449.22392384106,1098,786,312,45779.963570127504,57847.83715012723,15378.205128205129
125,"NYC-Manhattan Community District 1 & 2--Battery Park City, Greenwich Village & Soho PUMA",58384,31582,26802,184921.95839613592,224357.59939205876,138453.17196477874,54333,28375,25958,192822.6628200173,243446.06251982378,137485.61965482702,3893,3049,844,80942.68687387618,56785.72646769432,168211.1374407583,158,158,0,30000.0,30000.0,0.0
126,NYC-Queens Community District 6--Forest Hills & Rego Park PUMA,21933,11953,9980,92670.64113436374,105127.30711955158,77751.3496993988,16585,7895,8690,103594.63491106422,129931.2792906903,79667.3843498274,4809,3804,1005,60260.00249532127,59495.09779179811,63155.22388059701,539,254,285,45710.204081632655,17558.661417322834,70799.64912280702
127,Onondaga County (North) PUMA,45956,24407,21549,59534.114239707545,65087.7598230016,53243.89994895355,21285,10559,10726,72764.3626967348,81791.74543043849,63877.53309714712,23787,13005,10782,48996.283432126795,54166.9138023837,42759.58820255982,884,843,41,24531.33484162896,24338.315539739026,28500.0
128,Nassau County (Northeast)--Oyster Bay Town (North) & Glen Cove City PUMA,28423,17784,10639,156941.96059529253,188523.7961088619,104150.21674969452,18618,11372,7246,191384.75056397036,237593.0733380232,118864.59508694452,9196,6024,3172,87898.58199217051,94418.70185922975,75516.10970996217,609,388,221,146543.0213464696,211393.04123711342,32688.68778280543
129,Monroe County (North & West) PUMA,36740,19574,17166,54213.68154599891,57511.02789414529,50453.79238028661,16200,8039,8161,65553.1061728395,73126.3092424431,58093.11603970102,19129,10555,8574,46588.105494275704,48439.8853623875,44308.47679029624,1411,980,431,27403.593196314672,27117.826530612245,28053.36426914153
130,Sullivan & Ulster (West) Counties PUMA,31293,17156,14137,60213.828651775155,69630.74259734203,48785.9036570701,10270,4006,6264,79040.79552093476,118279.10134797804,53946.82151979566,18724,11725,6999,53426.26415295877,58248.984221748404,45347.053864837835,2299,1425,874,31391.47455415398,26519.01754385965,39335.69794050343
131,Suffolk County (Southwest)--Babylon Town (Southeast) PUMA,30228,15612,14616,74523.68797141722,77316.55201127338,71540.5056102901,12707,5244,7463,86526.20838907688,99955.4118993135,77089.95712180088,16374,9554,6820,65193.49639672652,67413.2960016747,62083.82404692082,1147,814,333,74747.34088927637,47706.633906633906,140846.84684684683
132,Suffolk County (Northwest)--Huntington Town (North) PUMA,30359,17188,13171,99041.1790572812,110301.44362345822,84346.6663123529,18439,10325,8114,123348.37816584413,139057.3949636804,103358.78013310328,11694,6637,5057,61752.72874978621,67780.5650143137,53841.566145936325,226,226,0,45283.18584070796,45283.18584070796,0.0
133,"NYC-Queens Community District 12--Jamaica, Hollis & St. Albans PUMA",40923,16914,24009,48341.766977005595,49239.86520042568,47709.06951559832,12045,3621,8424,58964.454130344544,59332.91908312621,58806.07193732194,26881,11931,14950,44453.6654142331,47174.66096722823,42282.14715719064,1997,1362,635,36607.06059088633,40497.57709251101,28262.36220472441
134,"NYC-Queens Community District 13--Queens Village, Cambria Heights & Rosedale PUMA",38810,19593,19217,58329.769234733314,55292.22212014495,61426.749024301396,13874,5467,8407,72308.33775407236,72579.07042253521,72132.28262162484,24050,13561,10489,51277.60357588358,49045.161123810925,54163.87987415388,886,565,321,30864.67268623025,37963.36283185841,18370.093457943924
135,Monroe County (Central)--Rochester City (West) PUMA,23166,11127,12039,41831.73668307002,44455.73164374944,39406.519312235236,5814,2881,2933,61705.92328861369,69528.11940298507,54022.40913740198,14988,7080,7908,36307.10394982653,36649.02740112994,36000.98128477491,2364,1166,1198,27980.07614213198,29908.490566037737,26103.171953255427
136,NYC-Queens Community District 10--Howard Beach & Ozone Park PUMA,21695,11292,10403,53931.4047476377,56946.432518597234,50658.72440642123,8195,3076,5119,65145.119707138496,84561.86475942783,53477.624536042196,12794,7573,5221,48113.641550726905,48392.07447510894,47709.77782034093,706,643,63,29194.957507082152,25588.864696734057,66000.0
137,Suffolk County (Central)--Islip Town (Northwest) PUMA,20223,10003,10220,56900.99332443258,64250.04378686394,49707.9843444227,3911,1755,2156,88461.15520327282,120270.95612535613,62567.74118738405,14122,6846,7276,51604.74507860076,55262.906806894534,48162.77487630566,2190,1402,788,34691.78082191781,38008.416547788875,28790.862944162436
138,Putnam County PUMA,33360,18738,14622,81553.99346522782,92211.20834667521,67896.84037751333,14957,7023,7934,103966.09293307482,135056.57155061938,76445.49407612806,17651,11114,6537,63228.245991728516,66233.10419290984,58119.48141349243,752,601,151,65928.98936170213,71941.09816971714,42000.0
139,NYC-Queens Community District 2--Sunnyside & Woodside PUMA,25776,13788,11988,66377.8808969584,68302.8864229765,64163.83550216883,15058,7546,7512,81321.88590782309,84522.27643784786,78107.0101171459,9522,5330,4192,47768.94559966394,52352.889305816134,41940.60114503817,1196,912,284,26384.113712374583,27318.201754385966,23384.50704225352
140,Nassau County (Central)--Hempstead Town (East Central) PUMA,34690,20418,14272,98923.39481118479,109233.46517778431,84173.46370515694,21553,11326,10227,119240.35150559086,137696.1479781035,98801.28326977609,12796,8751,4045,66805.66348859019,75872.73683007657,47189.85166872682,341,341,0,20000.0,20000.0,0.0
141,Suffolk County (Northwest)--Huntington Town (South) PUMA,31191,17968,13223,114015.32342662947,142774.5788624221,74935.96914467216,17021,10259,6762,156772.46795135422,193435.76927575786,101148.56847086661,13905,7444,6461,62565.89543329737,75640.3917248791,47502.1978021978,265,265,0,67354.71698113208,67354.71698113208,0.0
142,"NYC-Bronx Community District 4--Concourse, Highbridge & Mount Eden PUMA",14712,5038,9674,41376.84883088635,47216.83207622072,38335.517882985325,4373,999,3374,55011.227989938256,58932.43243243243,53850.20746887967,8646,3322,5324,37563.65949572057,47215.833835039135,31541.021788129226,1693,717,976,25633.01831069108,30898.04741980474,21765.16393442623
143,Nassau County (Central)--Hempstead Town (Northeast) PUMA,32335,16702,15633,72040.53657027989,81873.38642078792,61535.306722957845,14881,7253,7628,83438.7211880922,92781.44629808355,74555.29365495543,16661,8903,7758,62630.78686753496,73895.14433337077,49703.927558649135,793,546,247,55848.17150063052,67064.10256410256,31055.06072874494
144,NYC-Brooklyn Community District 14--Flatbush & Midwood PUMA,25961,14229,11732,76096.30753823042,88404.79668283084,61168.12035458575,15819,7780,8039,88290.1113850433,106376.61593830334,70786.31670605797,9724,6085,3639,58215.40189222542,69039.5036976171,40115.7427864798,418,364,54,30594.258373205743,28012.08791208791,48000.0
145,"Rockland County (West)--Spring Valley, Suffern Villages & Monsey PUMA",15936,9611,6325,67509.88052208835,75543.5542607429,55302.506877470354,6790,4136,2654,93936.0412371134,103247.56286266925,79424.9434815373,7744,4224,3520,47678.120609504134,56416.858428030304,37191.63522727273,1402,1251,151,49067.31098430813,48531.07114308553,53509.93377483444
146,Capital Region,355408,197552,157856,483546.3550287661,529361.4437773965,425196.1964231619,138379,70340,68039,644844.5990187299,754334.564357185,536318.6344988699,205850,118347,87503,387700.91397277795,416534.35012789397,346132.2497633636,11179,8865,2314,279707.9444766211,283920.3261720235,214844.14886511207
147,Central NY,248728,137211,111517,343295.2143312472,382232.60115447105,294818.59077948553,91726,46469,45257,460726.81808891916,536865.7827259593,385705.79122558376,146266,84413,61853,282718.105500372,314034.49828167685,239106.94400166482,10736,6329,4407,185726.66604765647,205310.5332501829,162018.79023707347
148,Finger Lakes,385618,212849,172769,551848.0928114334,606982.3087019409,482799.5275399745,146846,73164,73682,719084.337639811,837261.759367431,602881.8234644866,218648,125256,93392,449020.6229156796,486729.38293690723,397012.8019799485,20124,14429,5695,346862.85580249137,366565.7398500947,292568.6203801213
149,Long Island,769261,434050,335211,2240345.266687342,2561205.6330429064,1811102.2589317576,382921,197558,185363,2780039.6515510506,3301080.3743701214,2192192.087108892,368234,222732,145502,1634330.1110500705,1845581.4387113573,1301595.354335788,18106,13760,4346,1132531.2934707175,1208963.5913734832,674692.3885863048
150,Mid-Hudson,607782,339129,268653,1468160.363474245,1700437.454208428,1173165.6724639894,299439,150475,148964,1849929.2239804987,2265200.782731586,1426666.5768980915,285505,172924,112581,1019542.7136989203,1133840.1181314748,858738.1174278657,22838,15730,7108,759805.7791885812,767297.3604721036,605862.3349347454
151,Mohawk Valley,152078,82968,69110,200149.71579016146,218251.04865727175,178286.51685897482,41295,18687,22608,286437.2842702362,325023.33709450247,258099.65708583564,101101,58174,42927,169474.04804320534,189630.3751533726,142559.07167272468,9682,6107,3575,142495.5742209533,165657.2122284244,95124.04060773752
152,New York City,1642350,846047,796303,3916469.0564403026,4309084.414194392,3490012.404069066,942138,455303,486835,4595251.0996321365,5144628.104892885,4076341.557852207,628312,344846,283466,2823745.6781392395,3018447.424893021,2635448.01711419,71900,45898,26002,1921943.5595066487,2086214.145720792,1705373.5168687096
153,North Country,125842,71951,53891,150548.82623809262,165181.07822495102,130772.16452150777,32963,16036,16927,206769.77361232834,242323.9351461653,173536.60017822986,85847,49966,35881,130187.37530753462,143690.37331620156,111381.46907352001,7032,5949,1083,126862.12153941987,129888.40364236527,106578.86921248466
154,Southern Tier,194245,106668,87577,320262.4995010969,351563.190436741,283125.6773901294,65770,31374,34396,444545.73571788974,513177.8494815268,386819.34547070245,119908,69483,50425,252645.43904677086,283376.66457835503,214425.2394061653,8567,5811,2756,191583.4042048343,212861.0749660538,114812.36145910996
155,Western NY,438995,241718,197277,601214.35185765,655303.9907147387,533284.4262658415,158405,77860,80545,773410.4608020388,873523.9137644605,679418.7338096843,263764,151813,111951,485303.2335531597,541147.03716921,407453.2732405607,16826,12045,4781,356817.9792330135,405627.19099315046,263471.2709428686
