,puma,Total_geo,Total_geo_m,Total_geo_f,Total_Avg_PINCP_mf_t,Total_Avg_PINCP_m,Total_Avg_PINCP_f,Total_BABS,Total_BABS_m,Total_BABS_f,BABS_Avg_PINCP_mf_t,BABS_Avg_PINCP_m,BABS_Avg_PINCP_f,Total_HS,Total_HS_m,Total_HS_f,HS_Avg_PINCP_mf_t,HS_Avg_PINCP_m,HS_Avg_PINCP_f,Total_HSINC,Total_HSINC_m,Total_HSINC_f,HSINC_Avg_PINCP_mf_t,HSINC_Avg_PINCP_m,HSINC_Avg_PINCP_f
0,Total Geo,846522,507148,339374,58621.326303391994,61452.17439485121,54391.01122949902,355673,184359,171314,86412.29623277561,98491.18994461892,73413.6343264415,384977,244184,140793,39814.79981401486,41732.08639386692,36489.558458161984,105872,78605,27267,33643.82989836784,35841.26033967305,27309.102211464407
1,Nassau County (Central)--Hempstead Town (Northeast) PUMA,4751,3087,1664,71235.48726583878,74680.85519922254,64843.75,2164,1111,1053,76597.87430683919,79046.62466246625,74014.24501424501,2388,1777,611,66230.31825795645,72141.24929656724,49039.279869067104,199,199,0,72984.92462311558,72984.92462311558,0.0
2,"Chenango, Delaware & Broome (East) Counties PUMA",255,220,35,27327.843137254902,31198.18181818182,3000.0,120,85,35,31963.333333333332,43889.41176470588,3000.0,135,135,0,23207.40740740741,23207.40740740741,0.0,0,0,0,#DIV/0!,0.0,0.0
3,Cayuga & Onondaga (South) Counties PUMA,30,0,30,90000.0,0.0,90000.0,0,0,0,#DIV/0!,0.0,0.0,0,0,0,#DIV/0!,0.0,0.0,30,0,30,90000.0,0.0,90000.0
4,NYC-Brooklyn Community District 5--East New York & Starrett City PUMA,10245,5683,4562,40114.52415812592,40754.42547950026,39317.38272687418,1903,650,1253,61678.56016815554,63381.53846153846,60795.1316839585,5974,3325,2649,38086.18011382658,40763.6992481203,34725.38316345791,2368,1708,660,27902.094594594593,32125.351288056205,16972.81818181818
5,"NYC-Staten Island Community District 1--Port Richmond, Stapleton & Mariner's Harbor PUMA",9989,6027,3962,46824.41185303834,46794.89132238261,46869.31852599697,2897,1562,1335,65876.6309975837,57118.822023047374,76123.59550561798,5162,3125,2037,41396.94691979853,45548.288,35028.296514482085,1930,1340,590,32742.699481865286,37667.76865671642,21556.949152542373
6,"NYC-Queens Community District 5--Ridgewood, Glendale & Middle Village PUMA",11782,6117,5665,42109.39373620778,45164.83897335295,38810.16010591351,4014,1235,2779,55022.22222222222,71783.4008097166,47573.47966894566,5803,3508,2295,36634.52989832845,39430.27936145952,32361.114161220044,1965,1374,591,31900.0,35880.2037845706,22646.53130287648
7,"Otsego, Schoharie, Oneida (South) & Herkimer (South) Counties PUMA",227,98,129,84123.34801762115,136000.0,44713.17829457364,195,98,97,93989.7435897436,136000.0,51546.39175257732,32,0,32,24000.0,0.0,24000.0,0,0,0,#DIV/0!,0.0,0.0
8,Erie County (Northwest) PUMA,852,771,81,58919.01408450704,61221.78988326848,37000.0,702,621,81,60611.11111111111,63690.821256038646,37000.0,150,150,0,51000.0,51000.0,0.0,0,0,0,#DIV/0!,0.0,0.0
9,NYC-Manhattan Community District 7--Upper West Side & West Side PUMA,7864,4787,3077,204074.54298067142,242137.6030917067,144858.46603834906,6864,3787,3077,228613.95775058275,296666.67705307633,144858.46603834906,812,812,0,26522.16748768473,26522.16748768473,0.0,188,188,0,75000.0,75000.0,0.0
10,"NYC-Manhattan Community District 6--Murray Hill, Gramercy & Stuyvesant Town PUMA",4808,2382,2426,128129.87728785358,143858.8161209068,112686.21187139324,3889,1882,2007,145979.54487014658,175542.87991498405,118257.47384155456,419,0,419,86000.0,0.0,86000.0,500,500,0,24600.0,24600.0,0.0
11,Saratoga County (South & Central) PUMA,1448,795,653,93114.50966850828,84245.04402515723,103912.71056661561,1367,795,572,93595.32553035844,84245.04402515723,106590.90909090909,81,0,81,85000.0,0.0,85000.0,0,0,0,#DIV/0!,0.0,0.0
12,Nassau County (South Central)--Hempstead Town (Southeast) PUMA,3169,1506,1663,72810.03471126538,92027.88844621513,55406.49428743235,2003,1015,988,96466.79980029954,120076.84729064039,72211.53846153847,986,311,675,36219.06693711968,47961.41479099679,30808.88888888889,180,180,0,10000.0,10000.0,0.0
13,Columbia & Greene Counties PUMA,510,246,264,91333.33333333333,88373.9837398374,94090.90909090909,419,175,244,101252.98329355608,102542.85714285714,100327.86885245901,46,26,20,75652.17391304347,120000.0,18000.0,45,45,0,15000.0,15000.0,0.0
14,NYC-Staten Island Community District 2--New Springville & South Beach PUMA,5269,3241,2028,76057.48548111596,77032.25856217217,74499.67504930966,3152,1857,1295,100179.7877538071,104630.02154011847,93798.2555984556,2069,1336,733,40571.9671338811,40663.77245508982,40404.63847203274,48,48,0,21600.0,21600.0,0.0
15,Nassau County (Northeast)--Oyster Bay Town (North) & Glen Cove City PUMA,8741,5375,3366,99273.18956641117,102238.14511627908,94538.59774212715,4278,1767,2511,159202.0500233754,214343.2088285229,120399.01234567902,2750,1916,834,27153.49090909091,31992.22338204593,16037.170263788968,1713,1692,21,65387.320490367776,64709.50354609929,120000.0
16,NYC-Brooklyn Community District 18--Canarsie & Flatlands PUMA,12434,6698,5736,54928.191893196075,59202.48551806509,49937.044979079496,5512,3078,2434,72088.78773584905,77968.46913580247,64653.43056696795,5783,2619,3164,44969.93601936711,51180.87056128293,39828.83691529709,1139,1001,138,22443.020193151886,22486.113886113886,22130.434782608696
17,Putnam County PUMA,2065,1591,474,69060.96852300242,66879.82401005657,76382.06751054853,323,177,146,179715.17027863776,160836.1581920904,202602.7397260274,1503,1175,328,53868.8622754491,63267.914893617024,20198.475609756097,239,239,0,15054.393305439331,15054.393305439331,0.0
18,Nassau County (Northwest)--North Hempstead Town (North) PUMA,5661,3839,1822,106088.88712241653,105384.52461578535,107572.99670691548,3497,2295,1202,144408.11838718902,148853.67755991285,135920.13311148086,1907,1287,620,45366.54431043524,41874.12587412587,52616.12903225807,257,257,0,35252.91828793774,35252.91828793774,0.0
19,NYC-Queens Community District 3--Jackson Heights & North Corona PUMA,24622,17698,6924,36794.38185362684,36798.321844276186,36784.31109185442,4038,2564,1474,55696.67161961367,54918.720748829954,57049.90502035278,17419,12700,4719,32468.38567081922,33733.24409448819,29064.33778342869,3165,2434,731,36486.98262243286,33702.91700903862,45757.045143638854
20,Rockland County (North)--New City & Congers PUMA,6805,4223,2582,66818.76414401176,69960.2320625148,61680.724244771496,2847,1694,1153,102903.12258517738,110691.88902007084,91459.78317432784,3247,1898,1349,43068.5247921158,47880.40042149631,36298.369162342475,711,631,80,30791.84247538678,27025.356576862123,60500.0
21,"NYC-Bronx Community District 3 & 6--Belmont, Crotona Park East & East Tremont PUMA",13276,7349,5927,32801.665411268456,37242.85617090761,27294.94854057702,3623,2183,1440,42760.44714325145,51645.44205222171,29291.041666666668,6787,3590,3197,32619.096802711065,37270.09749303621,27396.35908664373,2866,1576,1290,20644.80111653873,17231.027918781725,24815.42635658915
22,Orange County (Northwest) PUMA,4112,2797,1315,54811.700389105055,60986.23489452985,41678.48897338403,1711,1095,616,59512.974284044416,59494.70228310502,59545.454545454544,2045,1346,699,55633.25819070905,71057.05794947995,25933.065808297568,356,356,0,27497.191011235955,27497.191011235955,0.0
23,NYC-Brooklyn Community District 2--Brooklyn Heights & Fort Greene PUMA,4458,2281,2177,112519.36114849709,121368.6768960982,103247.29444189252,3451,1501,1950,120612.66647348595,163157.86275816124,87863.77435897436,944,780,164,88773.30508474576,40951.282051282054,316219.51219512196,63,0,63,25000.0,0.0,25000.0
24,Dutchess County (Southwest) PUMA,4227,2397,1830,60769.1696238467,62953.94242803504,57907.475409836065,2149,698,1451,78383.93671475105,99628.36676217765,68164.35561681598,1790,1584,206,43855.86592178771,47436.868686868685,16320.388349514564,288,115,173,34452.083333333336,54086.95652173913,21400.0
25,Westchester County (Northwest) PUMA,8340,4867,3473,47969.438848920865,50346.62009451407,44638.09962568385,3947,1568,2379,66611.6088168229,82842.79336734694,55913.62757461118,2800,1991,809,35470.03571428572,43226.77046710196,16380.222496909766,1593,1308,285,23749.529190207155,22228.593272171252,30729.824561403508
26,Nassau County (Southeast)--Oyster Bay Town (South) PUMA,3968,2272,1696,67568.3039314516,72374.03169014085,61130.44221698113,1532,838,694,99846.34464751958,123204.77326968974,71641.21037463976,2360,1358,1002,47576.792372881355,42947.717231222385,53850.528942115765,76,76,0,37700.0,37700.0,0.0
27,Westchester County (South Central)--New Rochelle & Mount Vernon Cities PUMA,7675,4863,2812,75590.8684039088,80568.96134073618,66981.88335704125,3542,1798,1744,108769.31112365895,134890.98998887654,81838.81880733946,2268,1643,625,49245.88007054674,44129.214850882534,62696.5696,1865,1422,443,44616.27828418231,53986.32841068917,14539.051918735891
28,Saratoga County (Outer) PUMA,1199,957,242,111793.1609674729,106854.75444096133,131322.31404958677,1097,855,242,118238.83318140382,114535.67251461989,131322.31404958677,78,78,0,48461.53846153846,48461.53846153846,0.0,24,24,0,23000.0,23000.0,0.0
29,NYC-Queens Community District 9--Richmond Hill & Woodhaven PUMA,17854,11915,5939,50093.80699003024,51930.87956357533,46408.21687152719,7308,4294,3014,64602.75725232622,69054.94410805775,58259.79429329794,8080,5535,2545,40377.2400990099,43747.78681120145,33046.79764243615,2466,2086,380,38933.40632603406,38394.29530201342,41892.84210526316
30,Erie County (South) PUMA,582,345,237,62716.32302405498,76269.27536231885,42987.3417721519,484,247,237,67456.40495867768,90934.81781376518,42987.3417721519,98,98,0,39306.12244897959,39306.12244897959,0.0,0,0,0,#DIV/0!,0.0,0.0
31,"NYC-Queens Community District 12--Jamaica, Hollis & St. Albans PUMA",14102,8651,5451,39449.247624450436,39426.89284475783,39484.72573839663,5743,2899,2844,47422.93574786697,45491.34184201449,49391.88466947961,6990,4928,2062,33185.732474964236,34918.4963474026,29044.578079534433,1369,824,545,37980.350620891164,45053.76213592233,27285.871559633026
32,NYC-Brooklyn Community District 1--Greenpoint & Williamsburg PUMA,4260,2427,1833,94179.81971830985,103973.47012772971,81212.44953627932,2137,1046,1091,134772.7749181095,167569.120458891,103329.16590284143,1876,1216,660,56665.78464818763,59820.15789473684,50854.09090909091,247,165,82,27901.214574898786,26212.121212121212,31300.0
33,Suffolk County (Central)--Brookhaven Town (Central) PUMA,6378,4077,2301,67055.59234869866,71597.64532744665,59007.80877879183,1416,611,805,170508.4745762712,302200.65466448443,70553.29192546583,2883,1636,1247,48739.392299687825,39721.51589242054,60570.38331996792,2079,1830,249,21993.698893698893,23100.87431693989,13856.626506024097
34,St. Lawrence County PUMA,685,353,332,71839.12408759125,90634.56090651559,51854.819277108436,629,297,332,73694.43561208267,98107.7441077441,51854.819277108436,56,56,0,51000.0,51000.0,0.0,0,0,0,#DIV/0!,0.0,0.0
35,Genesee & Orleans Counties PUMA,520,520,0,99278.84615384616,99278.84615384616,0.0,360,360,0,130069.44444444444,130069.44444444444,0.0,0,0,0,#DIV/0!,0.0,0.0,160,160,0,30000.0,30000.0,0.0
36,Monroe County (Central)--Rochester City (West) PUMA,1129,534,595,24833.410097431355,11953.18352059925,36393.142857142855,313,0,313,43903.25878594249,0.0,43903.25878594249,816,534,282,17518.62745098039,11953.18352059925,28057.44680851064,0,0,0,#DIV/0!,0.0,0.0
37,Wayne & Seneca Counties PUMA,1189,423,766,45263.33052985702,47739.952718676126,43895.691906005224,706,136,570,62347.1671388102,102058.82352941176,52872.10526315789,442,287,155,20597.285067873305,22000.0,18000.0,41,0,41,17000.0,0.0,17000.0
38,Warren & Washington Counties PUMA,94,94,0,100000.0,100000.0,0.0,94,94,0,100000.0,100000.0,0.0,0,0,0,#DIV/0!,0.0,0.0,0,0,0,#DIV/0!,0.0,0.0
39,Erie County (North Central) PUMA,3344,2253,1091,78361.39354066986,90972.29471815357,52318.90009165903,2951,2182,769,84762.62283971535,93444.35380384968,60128.634590377114,229,0,229,38000.0,0.0,38000.0,164,71,93,19536.585365853658,15000.0,23000.0
40,"Clinton, Franklin, Essex & Hamilton Counties PUMA",437,224,213,15821.510297482837,5191.964285714285,27000.0,121,0,121,39925.61983471074,0.0,39925.61983471074,316,224,92,6591.772151898735,5191.964285714285,10000.0,0,0,0,#DIV/0!,0.0,0.0
41,Dutchess County (North & East) PUMA,1966,1375,591,57125.89013224822,51903.63636363636,69275.80372250424,910,423,487,91870.10989010989,104366.43026004729,81016.01642710473,401,297,104,25465.586034912718,29375.420875420874,14300.0,655,655,0,28238.1679389313,28238.1679389313,0.0
42,Tompkins County PUMA,2429,1061,1368,70360.52284890902,71594.94816211122,69403.12134502924,2018,1061,957,79019.94053518336,71594.94816211122,87251.82863113898,264,0,264,40000.0,0.0,40000.0,147,0,147,6010.0,0.0,6010.0
43,"NYC-Manhattan Community District 4 & 5--Chelsea, Clinton & Midtown Business District PUMA",9049,5314,3735,88381.29185545364,93246.38878434325,81459.43775100402,8036,4658,3378,93100.21279243405,98206.80764276514,86058.61456483127,736,379,357,56301.63043478261,73596.30606860158,37941.17647058824,277,277,0,36718.41155234657,36718.41155234657,0.0
44,Onondaga County (Central)--Syracuse City PUMA,3845,2643,1202,33516.1300390117,34003.40522133939,32444.692179700498,1013,757,256,52573.34649555775,63648.21664464993,19824.609375,1952,1006,946,29390.840163934427,23307.65407554672,35859.85200845666,880,880,0,20729.31818181818,20729.31818181818,0.0
45,Suffolk County (South Central)--Brookhaven Town (South) PUMA,3715,2594,1121,77188.26379542396,76881.53430994603,77898.03746654773,886,447,439,116230.24830699775,141498.88143176734,90501.13895216401,2750,2068,682,66758.10909090909,65759.71953578337,69785.48387096774,79,79,0,2400.0,2400.0,0.0
46,Suffolk County (Northwest)--Smithtown Town PUMA,1720,1071,649,72016.91860465116,54992.06349206349,100111.86440677966,1122,523,599,81411.85383244207,55872.84894837476,103710.51752921536,541,491,50,49584.103512014786,48828.92057026477,57000.0,57,57,0,100000.0,100000.0,0.0
47,Herkimer (North & Central) & Oneida (Outer) Counties PUMA,0,0,0,#DIV/0!,0.0,0.0,0,0,0,#DIV/0!,0.0,0.0,0,0,0,#DIV/0!,0.0,0.0,0,0,0,#DIV/0!,0.0,0.0
48,NYC-Queens Community District 2--Sunnyside & Woodside PUMA,18947,12371,6576,48196.191692616245,49855.59890065476,45074.45711678832,7938,4082,3856,68432.65230536659,81336.97060264576,54772.01244813278,9214,6818,2396,33393.12459301064,33389.54238779701,33403.31803005008,1795,1471,324,34691.14206128134,38814.547926580555,15970.37037037037
49,Onondaga County (Central)--Syracuse City (Outer) PUMA,1065,584,481,64724.993427230045,55480.04794520548,75949.62577962579,635,379,256,72824.91023622047,66583.76781002639,82064.7265625,171,81,90,86532.7485380117,38235.8024691358,130000.0,259,124,135,30467.95366795367,32806.45161290323,28320.0
50,Broome County (West Central)--Greater Binghamton City & Greater Johnson City Village PUMA,791,422,369,30994.235145385588,20057.34597156398,43502.0054200542,161,0,161,74000.0,0.0,74000.0,297,128,169,26815.488215488214,30000.0,24403.55029585799,333,294,39,13928.648648648648,15728.57142857143,360.0
51,Erie County (West Central)--Buffalo City (West) PUMA,1749,1097,652,70281.07489994282,77801.73199635369,57627.45398773006,592,340,252,64515.2027027027,36889.705882352944,101787.69841269842,534,134,400,34622.846441947564,49000.0,29806.5,623,623,0,106324.23756019262,106324.23756019262,0.0
52,"Steuben (North & West), Schuyler & Chemung (North) Counties PUMA",384,164,220,57932.291666666664,77280.48780487805,43509.09090909091,267,164,103,70614.23220973783,77280.48780487805,60000.0,117,0,117,28991.452991452992,0.0,28991.452991452992,0,0,0,#DIV/0!,0.0,0.0
53,Monroe County (North & West) PUMA,701,255,446,26312.524964336662,38461.96078431373,19366.09865470852,233,0,233,13200.0,0.0,13200.0,428,255,173,33012.80373831776,38461.96078431373,24980.809248554913,40,0,40,31000.0,0.0,31000.0
54,NYC-Brooklyn Community District 8--Crown Heights North & Prospect Heights PUMA,4277,2012,2265,50375.82417582418,46420.5268389662,53889.31567328918,1888,721,1167,72588.18855932204,77270.45769764217,69695.37275064268,1704,773,931,38203.579812206575,36681.630012936614,39467.2395273899,685,518,167,19433.576642335767,18013.899613899615,23837.125748502993
55,Cattaraugus & Allegany Counties PUMA,91,91,0,119340.65934065935,119340.65934065935,0.0,91,91,0,119340.65934065935,119340.65934065935,0.0,0,0,0,#DIV/0!,0.0,0.0,0,0,0,#DIV/0!,0.0,0.0
56,"NYC-Queens Community District 11--Bayside, Douglaston & Little Neck PUMA",12103,6996,5107,66606.10947698918,65543.2461406518,68062.1094576072,8000,3962,4038,74659.767875,72271.84502776376,77002.74715205547,3604,2693,911,50404.43951165372,55466.58002227999,35440.28540065862,499,341,158,54505.01002004008,66944.28152492669,27658.227848101265
57,Chemung (South) & Steuben (East) Counties--Greater Elmira & Greater Corning Cities PUMA,2009,1137,872,94540.01991040319,99828.23218997361,87644.7247706422,1708,942,766,100785.83138173302,103859.87261146496,97005.48302872063,301,195,106,59098.67109634551,80352.30769230769,20000.0,0,0,0,#DIV/0!,0.0,0.0
58,Suffolk County (Southwest)--Babylon Town (Southeast) PUMA,3748,1656,2092,50455.70971184632,54938.76811594203,46906.97896749522,810,621,189,78953.82716049382,74028.34138486312,95137.56613756614,2519,1035,1484,40354.66454942437,43485.02415458937,38171.42857142857,419,0,419,56090.692124105015,0.0,56090.692124105015
59,Jefferson & Lewis Counties PUMA,344,177,167,58164.24418604651,30471.751412429378,87514.97005988024,149,0,149,94463.08724832215,0.0,94463.08724832215,34,16,18,167411.76470588235,322000.0,30000.0,161,161,0,1500.0,1500.0,0.0
60,NYC-Brooklyn Community District 3--Bedford-Stuyvesant PUMA,4457,2387,2070,41810.275970383664,46603.519061583575,36282.995169082125,1233,733,500,51264.720194647205,64699.86357435198,31568.8,2195,705,1490,36684.191343963554,30979.290780141844,39383.4899328859,1029,949,80,41416.13216715257,44233.08746048472,8000.0
61,Schenectady County--Schenectady City PUMA,1555,1088,467,78095.94855305467,94923.89705882352,38890.792291220554,880,599,281,114779.54545454546,148961.60267111854,41914.59074733096,414,228,186,31942.028985507248,30000.0,34322.58064516129,261,261,0,27621.45593869732,27621.45593869732,0.0
62,NYC-Queens Community District 1--Astoria & Long Island City PUMA,12740,8059,4681,54346.145211930925,52691.498945278574,57194.8515274514,6801,3476,3325,71509.90883693575,73408.10989643268,69525.5037593985,4180,2999,1181,35412.511961722485,37971.82394131377,28913.46316680779,1759,1584,175,32977.08925525867,35098.92676767677,13771.42857142857
63,Suffolk County (North Central)--Brookhaven Town (North) PUMA,1996,1127,869,88641.75350701403,98388.76663708962,76000.92059838896,1911,1127,784,90093.63683935112,98388.76663708962,78169.38775510204,85,0,85,56000.0,0.0,56000.0,0,0,0,#DIV/0!,0.0,0.0
64,Fulton & Montgomery Counties PUMA,269,211,58,32368.773234200744,27137.44075829384,51400.0,158,158,0,22151.898734177215,22151.898734177215,0.0,111,53,58,46911.71171171171,42000.0,51400.0,0,0,0,#DIV/0!,0.0,0.0
65,NYC-Brooklyn Community District 16--Brownsville & Ocean Hill PUMA,4081,2411,1670,68039.37760352854,91320.69680630443,34427.844311377245,1116,687,429,160381.54121863798,222779.91266375547,60456.87645687646,2359,1275,1084,35809.02924968207,42487.05882352941,27954.335793357932,606,449,157,23447.854785478547,28849.443207126948,8000.0
66,"Rockland County (South)--Orangetown, Clarkstown (South) & Ramapo (Southeast) Towns PUMA",4183,1488,2695,86940.23428161607,84522.17741935483,88275.32467532468,2538,705,1833,101638.69188337274,99842.55319148937,102329.51445717404,1645,783,862,64262.613981762916,70727.969348659,58389.79118329466,0,0,0,#DIV/0!,0.0,0.0
67,Oswego County PUMA,196,0,196,43789.795918367345,0.0,43789.795918367345,0,0,0,#DIV/0!,0.0,0.0,196,0,196,43789.795918367345,0.0,43789.795918367345,0,0,0,#DIV/0!,0.0,0.0
68,"NYC-Manhattan Community District 12--Washington Heights, Inwood & Marble Hill PUMA",17797,9731,8066,55182.8510423105,64057.02394409619,44476.85345896355,7874,4200,3674,79078.26390652782,101553.97619047618,53384.744148067504,8797,4405,4392,38307.553711492554,39586.1066969353,37025.21630236794,1126,1126,0,19924.86678507993,19924.86678507993,0.0
69,Monroe County (Central)--Rochester City (East) PUMA,1957,1487,470,58809.606540623405,41859.04505716207,112438.29787234042,448,311,137,50622.767857142855,54861.73633440515,41000.0,1394,1061,333,61177.474892395985,35864.65598491989,141828.82882882882,115,115,0,62000.0,62000.0,0.0
70,Westchester County (Northeast) PUMA,6793,4317,2476,78394.67834535551,90447.48668056521,57380.14943457189,3067,1413,1654,136441.3596348223,206767.44515215853,76362.30350665054,1549,1125,424,39692.704970949,45941.333333333336,23113.20754716981,2177,1779,398,24154.983922829582,26203.147835862845,15000.0
71,"NYC-Bronx Community District 1 & 2--Hunts Point, Longwood & Melrose PUMA",10369,5571,4798,32875.68714437265,29920.606713336925,36306.8570237599,1661,460,1201,44183.80493678507,36913.47826086957,46968.4429641965,6474,3356,3118,30456.71918443003,28916.567342073897,32114.432328415653,2234,1755,479,31478.021486123544,30007.69230769231,36865.13569937369
72,"NYC-Queens Community District 7--Flushing, Murray Hill & Whitestone PUMA",27430,16142,11288,47916.215457528255,45968.702762978566,50701.186215450034,12344,6701,5643,65029.85985093973,63799.82092225041,66490.5174552543,12769,8167,4602,34849.158117315375,33339.31676258112,37528.617992177315,2317,1274,1043,28754.553301683212,33141.287284144426,23396.26078619367
73,Onondaga County (North) PUMA,469,298,171,83623.88059701493,64528.85906040268,116900.58479532164,469,298,171,83623.88059701493,64528.85906040268,116900.58479532164,0,0,0,#DIV/0!,0.0,0.0,0,0,0,#DIV/0!,0.0,0.0
74,Suffolk County (Central)--Brookhaven Town (West Central) PUMA,4966,3348,1618,54822.448650825616,56115.13739545998,52147.58961681088,1610,804,806,62192.96894409938,69888.90547263682,54516.12903225807,3003,2191,812,50433.433233433236,50669.465997261526,49796.55172413793,353,353,0,58543.90934844193,58543.90934844193,0.0
75,Monroe County (South) PUMA,4011,1905,2106,90223.47843430565,125253.3375328084,58536.92497625831,2634,1184,1450,125647.74943052392,193718.58783783784,70064.38896551724,1149,493,656,25902.00174064404,16381.33874239351,33057.01219512195,228,228,0,5126.315789473684,5126.315789473684,0.0
76,"NYC-Brooklyn Community District 15--Sheepshead Bay, Gerritsen Beach & Homecrest PUMA",6424,3539,2885,51159.760273972606,45760.86465103136,57782.53032928943,2828,1429,1399,68960.07779349363,51661.65150454864,86629.44960686205,2379,1497,882,39562.50525430853,41812.825651302606,35743.08390022676,1217,613,604,32466.72144617913,41646.65579119087,23150.0
77,Rensselaer County--Troy City PUMA,1733,970,763,48261.94460473168,47945.51546391752,48664.220183486235,1140,537,603,56144.69298245614,56301.95530726257,56004.64344941957,593,433,160,33107.92580101181,37581.98614318707,21000.0,0,0,0,#DIV/0!,0.0,0.0
78,Suffolk County (Central)--Islip Town (East) PUMA,2509,1736,773,70937.94340374651,91772.35023041474,24148.124191461837,1498,1423,75,98048.59813084113,99632.32607167955,68000.0,1011,313,698,30768.05143422354,56038.33865814697,19436.24641833811,0,0,0,#DIV/0!,0.0,0.0
79,Nassau County (West Central)--Hempstead Town (Northwest) PUMA,11282,6829,4453,57997.93653607516,52105.53521745497,67034.3633505502,4662,2231,2431,63835.74002574002,60418.01882563873,66972.28301110654,5672,3708,1964,53468.54724964739,45506.796116504855,68500.20366598778,948,890,58,56389.13502109705,58760.56179775281,20000.0
80,Ontario & Yates Counties PUMA,102,0,102,26000.0,0.0,26000.0,0,0,0,#DIV/0!,0.0,0.0,102,0,102,26000.0,0.0,26000.0,0,0,0,#DIV/0!,0.0,0.0
81,Suffolk County (West Central)--Babylon Town (Northwest) PUMA,4521,2411,2110,59228.599867286,77690.50186644545,38133.03317535545,1800,721,1079,59282.22222222222,79179.19556171984,45986.83966635774,1636,887,749,64721.57701711491,90466.2908680947,34233.51134846462,1085,803,282,50857.142857142855,62241.59402241594,18439.71631205674
82,Nassau County (Southwest)--Hempstead Town (Southwest) & Long Beach City PUMA,4703,2938,1765,52312.05613438231,52240.02722940776,52431.954674220964,1706,965,741,76061.54747948417,72423.00518134715,80800.0,2287,1872,415,42122.431132487975,44330.66239316239,32161.44578313253,710,101,609,28068.450704225354,6000.0,31728.407224958948
83,"NYC-Bronx Community District 8--Riverdale, Fieldston & Kingsbridge PUMA",10651,6829,3822,45516.42099333396,47914.98023136623,41230.769230769234,3615,1772,1843,65427.607192254494,87202.59593679458,44491.48128052089,5758,3779,1979,38695.76241750608,38958.45461762371,38194.13845376453,1278,1278,0,19925.195618153364,19925.195618153364,0.0
84,"Rockland County (West)--Spring Valley, Suffern Villages & Monsey PUMA",7588,4273,3315,42427.626515550866,40293.98080973555,45177.87330316742,1740,1056,684,62665.3275862069,48691.68560606061,84238.66959064327,4506,2170,2336,40359.33422103862,44061.64055299539,36920.1198630137,1342,1047,295,23132.63785394933,24015.281757402103,20000.0
85,Chautauqua County PUMA,0,0,0,#DIV/0!,0.0,0.0,0,0,0,#DIV/0!,0.0,0.0,0,0,0,#DIV/0!,0.0,0.0,0,0,0,#DIV/0!,0.0,0.0
86,Orange County (Southeast) PUMA,3577,1967,1610,89163.08358960022,119237.49364514489,52420.0,1864,939,925,129452.87017167381,194376.94355697552,63546.16216216216,1307,857,450,35732.97628156083,30947.491248541424,44846.666666666664,406,171,235,76190.14778325123,149112.28070175438,23127.659574468085
87,Monroe County (East) PUMA,1358,956,402,77123.30633284242,91116.26569037657,43846.517412935325,1007,778,229,89824.77656405164,100192.09511568124,54603.05676855895,198,131,67,56171.71717171717,67000.0,35000.0,153,47,106,20639.86928104575,8100.0,26200.0
88,Broome (Outer West) & Tioga Counties PUMA,443,332,111,47013.54401805869,43340.361445783135,58000.0,262,262,0,36083.96946564886,36083.96946564886,0.0,111,0,111,58000.0,0.0,58000.0,70,70,0,70500.0,70500.0,0.0
89,Suffolk County (East) PUMA,5817,3701,2116,47595.82258896338,45108.97054850041,51945.463137996216,571,266,305,177619.9649737303,198402.25563909774,159495.0819672131,4185,2744,1441,32661.816009557944,34496.75655976676,29167.6613462873,1061,691,370,36526.10744580584,28240.520984081042,52000.0
90,"NYC-Queens Community District 14--Far Rockaway, Breezy Point & Broad Channel PUMA",4750,2652,2098,47720.926315789475,44310.85972850679,52031.458531935175,1946,1057,889,56553.95683453237,44774.45600756859,70559.50506186727,1806,926,880,41695.79180509413,43431.96544276458,39868.86363636364,998,669,329,41400.60120240481,44794.9177877429,34498.480243161095
91,NYC-Brooklyn Community District 14--Flatbush & Midwood PUMA,11922,6038,5884,40126.769417882904,42899.742464392184,37281.22025832767,2570,1393,1177,57538.96303501946,57677.05312275664,57375.53101104503,7009,3613,3396,39258.78727350549,43987.72211458621,34227.67962308598,2343,1032,1311,23624.144259496374,19144.253875968992,27150.64836003051
92,Albany County (Outside Albany City) PUMA,4099,2190,1909,83577.11880946573,105688.97260273973,58210.45573598743,2325,1222,1103,118963.83225806452,166114.6890343699,66725.98368087035,1061,547,514,39886.80490103676,35072.94332723949,45009.72762645914,713,421,292,33200.280504908835,22047.030878859856,49280.82191780822
93,"NYC-Bronx Community District 5--Morris Heights, Fordham South & Mount Hope PUMA",11130,5722,5408,35341.67115902965,38933.17022020272,31541.64201183432,2201,939,1262,49075.60199909132,66757.18849840255,35919.49286846276,7349,3861,3488,33601.8914137978,36303.7037037037,30611.15252293578,1580,922,658,24301.962025316454,21607.375271149675,28077.659574468085
94,"NYC-Manhattan Community District 9--Hamilton Heights, Manhattanville & West Harlem PUMA",7151,4240,2911,73451.6431268354,87386.55660377358,53154.82652009619,4374,2182,2192,97291.83813443073,137207.14940421632,57558.62226277372,2204,1485,719,35069.056261343016,32812.79461279461,39729.06815020862,573,573,0,39102.96684118674,39102.96684118674,0.0
95,Nassau County (West Central)--Hempstead Town (West Central) PUMA,8685,4934,3751,62891.11111111111,67346.35184434536,57030.76512929885,3377,2009,1368,85148.50458987267,85405.42558486809,84771.19883040935,5130,2747,2383,49427.29044834308,56646.013833272664,41105.916911456145,178,178,0,28656.1797752809,28656.1797752809,0.0
96,Erie County (West Central)--Buffalo City (East) PUMA,1354,992,362,32444.90398818316,34764.1129032258,26089.50276243094,416,416,0,29146.634615384617,29146.634615384617,0.0,765,470,295,35126.40522875817,40487.234042553195,26585.42372881356,173,106,67,28518.49710982659,31433.962264150945,23905.97014925373
97,NYC-Queens Community District 6--Forest Hills & Rego Park PUMA,13017,7454,5563,71015.1371283706,69233.39146766836,73402.54179399605,9718,5179,4539,82117.36365507306,82422.82293879127,81768.83454505398,2785,1761,1024,41427.8276481149,44399.14821124361,36317.96875,514,514,0,21422.178988326847,21422.178988326847,0.0
98,"NYC-Queens Community District 13--Queens Village, Cambria Heights & Rosedale PUMA",19126,10886,8240,50873.47851092753,50132.165166268605,51852.83980582524,7090,3601,3489,72225.17771509168,66549.9333518467,78082.60246488966,10515,6490,4025,39506.10556348074,42666.97996918336,34409.44099378882,1521,795,726,29929.612097304405,36709.10691823899,22505.785123966944
99,"NYC-Bronx Community District 11--Pelham Parkway, Morris Park & Laconia PUMA",8095,5569,2526,52590.87461395923,53972.97719518765,49543.79255740301,3001,1595,1406,68656.05798067311,71183.8934169279,65788.42105263157,3227,2378,849,36381.499845057326,37357.44322960471,33647.93875147232,1867,1596,271,54784.78843063739,61529.57393483709,15062.730627306273
100,Madison & Cortland Counties PUMA,197,197,0,69322.33502538071,69322.33502538071,0.0,197,197,0,69322.33502538071,69322.33502538071,0.0,0,0,0,#DIV/0!,0.0,0.0,0,0,0,#DIV/0!,0.0,0.0
101,Nassau County (Central)--Hempstead Town (East Central) PUMA,2272,1240,1032,91801.80457746479,117627.01612903226,60771.51162790698,1660,1144,516,110487.04819277108,124980.33216783217,78354.6511627907,454,0,454,44770.92511013216,0.0,44770.92511013216,158,96,62,30627.848101265823,30000.0,31600.0
102,Nassau County (West Central)--North Hempstead Town (South) PUMA,13274,7051,6223,83403.19737833359,94633.9585874344,70678.12951952434,7955,3460,4495,104587.19572595852,138414.63641618498,78548.72080088987,4869,3181,1688,52969.21339084001,54182.20685319082,50683.35308056872,450,410,40,38212.88888888889,39014.14634146341,30000.0
103,Westchester County (Central)--White Plains City PUMA,10066,5810,4256,93413.2624677131,115995.99483648881,62584.86137218045,5992,3560,2432,135517.80707610148,165325.5702247191,91884.73273026316,2934,1294,1640,27157.191547375598,30699.922720247294,24361.89024390244,1140,956,184,42628.070175438595,47753.13807531381,16000.0
104,"NYC-Staten Island Community District 3--Tottenville, Great Kills & Annadale PUMA",3170,2173,997,84796.45425867508,79931.5968706857,95399.59879638917,2019,1155,864,100814.46260525013,99150.64935064936,103038.6574074074,856,723,133,65899.95327102803,69602.15767634855,45774.436090225565,295,295,0,30000.0,30000.0,0.0
105,Suffolk County (Northwest)--Huntington Town (South) PUMA,2632,1402,1230,81987.38221884498,95569.12268188302,66506.40650406505,1613,855,758,89398.95226286423,94778.95906432749,83330.47493403695,1019,547,472,70255.42688910697,96804.20475319927,39488.09322033898,0,0,0,#DIV/0!,0.0,0.0
106,NYC-Manhattan Community District 3--Chinatown & Lower East Side PUMA,8553,4352,4201,44173.74020811411,38408.13419117647,50146.58414663176,3156,904,2252,80646.26108998733,99893.80530973451,72919.89342806394,4501,2776,1725,21471.895134414575,21048.703170028817,22152.927536231884,896,672,224,29747.098214285714,27406.25,36769.642857142855
107,NYC-Brooklyn Community District 13--Brighton Beach & Coney Island PUMA,5275,3393,1882,53102.388625592415,58111.50898909519,44071.599362380446,1328,586,742,82567.6204819277,108182.25255972696,62338.27493261456,3361,2374,987,46239.095507289494,51998.54675652907,32386.068895643362,586,433,153,25692.32081911263,23863.741339491917,30867.320261437908
108,NYC-Brooklyn Community District 7--Sunset Park & Windsor Terrace PUMA,10240,6690,3550,38544.23349609375,39852.934379671155,36077.97746478873,3536,2460,1076,49896.943156108595,47730.378455284554,54850.24163568773,3998,2127,1871,31351.540770385192,33989.89186647861,28352.19668626403,2706,2103,603,34336.25277161862,36568.18830242511,26552.238805970148
109,Suffolk County (Northwest)--Huntington Town (North) PUMA,4087,2566,1521,57618.35331539026,61997.27201870616,50230.907297830374,1385,743,642,99614.87364620938,114819.65006729474,82018.06853582554,1085,630,455,42072.45161290323,50888.88888888889,29865.076923076922,1617,1193,424,32078.540507111935,34965.632858340316,23955.188679245282
110,Suffolk County (Southwest)--Islip Town (South) PUMA,2120,1567,553,58906.88679245283,61626.54754307594,51200.3616636528,776,657,119,65981.9587628866,62356.16438356164,86000.0,1152,718,434,58125.520833333336,68079.1086350975,41658.52534562212,192,192,0,35000.0,35000.0,0.0
111,"NYC-Brooklyn Community District 17--East Flatbush, Farragut & Rugby PUMA",10295,4934,5361,41271.617289946575,39058.30968788001,43308.6364484238,3020,928,2092,54975.43046357616,43371.22844827586,60122.99235181644,6147,3028,3119,35225.947616723606,37362.48348745046,33151.74735492145,1128,978,150,37528.014184397165,40216.35991820041,20000.0
112,Ulster County (East) PUMA,1388,550,838,71913.86167146974,117574.61818181818,41945.584725536995,604,86,518,126558.60927152318,631000.0,42809.65250965251,784,464,320,29815.102040816328,22413.879310344826,40546.875,0,0,0,#DIV/0!,0.0,0.0
113,NYC-Manhattan Community District 10--Central Harlem PUMA,6353,3386,2967,47140.415551707854,51810.91553455405,41810.34715200539,2766,980,1786,59824.11424439624,74429.08163265306,51810.19036954088,3490,2309,1181,37008.46991404011,42287.24989172802,26687.806943268417,97,97,0,50000.0,50000.0,0.0
114,NYC-Brooklyn Community District 4--Bushwick PUMA,9366,6675,2691,43777.84326286568,44204.761048689135,42718.877740616874,3156,2046,1110,54991.0329531052,48094.33040078201,67703.33333333333,4476,3281,1195,38980.20107238606,43079.35995123438,27725.5230125523,1734,1348,386,35753.28719723183,41040.35608308605,17289.63730569948
115,"NYC-Brooklyn Community District 9--Crown Heights South, Prospect Lefferts & Wingate PUMA",4079,2359,1720,61213.72885511155,73565.19711742263,44273.54651162791,1381,594,787,60562.78059377263,60993.265993265995,60237.865311308764,2612,1765,847,62750.22970903522,77796.20396600566,31397.048406139314,86,0,86,25000.0,0.0,25000.0
116,Oneida County (Central)--Greater Utica & Rome Cities PUMA,2717,1428,1289,37921.53110047847,46108.54341736695,28851.66795965865,889,418,471,65250.84364454443,84406.6985645933,48250.53078556263,1176,765,411,25893.537414965987,30287.581699346407,17714.84184914842,652,245,407,22352.76073619632,30167.34693877551,17648.64864864865
117,"NYC-Bronx Community District 9--Castle Hill, Clason Point & Parkchester PUMA",14074,9715,4359,40823.40486002558,39364.75553268142,44074.32897453544,3550,2025,1525,57926.90140845071,53058.51851851852,64391.475409836065,8970,6526,2444,35004.916387959864,36046.90468893656,32222.585924713585,1554,1164,390,35337.194337194334,34143.47079037801,38900.0
118,Erie County (Central) PUMA,662,505,157,44096.8247734139,47974.451485148515,31624.20382165605,211,117,94,68360.18957345972,104000.0,24000.0,388,388,0,31080.149484536083,31080.149484536083,0.0,63,0,63,43000.0,0.0,43000.0
119,Livingston & Wyoming Counties PUMA,95,95,0,37684.21052631579,37684.21052631579,0.0,0,0,0,#DIV/0!,0.0,0.0,17,17,0,50000.0,50000.0,0.0,78,78,0,35000.0,35000.0,0.0
120,Nassau County (East Central)--Oyster Bay Town (Central) PUMA,6366,3946,2420,88301.41533144833,101212.47085656361,67248.92561983471,4818,2935,1883,98684.97509339976,113300.44633730834,75904.08921933085,1236,699,537,58992.071197411,75964.52074391989,36899.44134078212,312,312,0,44065.38461538462,44065.38461538462,0.0
121,Niagara County (North & East) PUMA,86,86,0,7000.0,7000.0,0.0,86,86,0,7000.0,7000.0,0.0,0,0,0,#DIV/0!,0.0,0.0,0,0,0,#DIV/0!,0.0,0.0
122,Westchester County (Southwest)--Yonkers City PUMA,15175,8874,6301,58096.9489291598,67020.11494252873,45530.02697984447,5834,3265,2569,92667.24374357217,109395.52833078102,71406.88984040482,7087,3836,3251,34415.05573585438,40205.70907194995,27582.405413718854,2254,1773,481,43079.41437444543,47000.0,28627.858627858626
123,Sullivan & Ulster (West) Counties PUMA,598,214,384,66745.81939799331,61495.32710280374,69671.875,552,190,362,70907.60869565218,66989.47368421052,72964.08839779005,46,24,22,16804.347826086956,18000.0,15500.0,0,0,0,#DIV/0!,0.0,0.0
124,"NYC-Brooklyn Community District 12--Borough Park, Kensington & Ocean Parkway PUMA",4678,3574,1104,39333.161607524584,40620.685506435366,35165.036231884056,1553,853,700,58754.681262073405,74153.36459554514,39990.28571428572,2641,2237,404,29360.015145778114,29821.546714349577,26804.455445544554,484,484,0,31435.35123966942,31435.35123966942,0.0
125,NYC-Brooklyn Community District 11--Bensonhurst & Bath Beach PUMA,14654,8951,5703,61917.21918929985,56716.11663501285,70080.47869542346,6843,3976,2867,77275.88192313313,69600.51810865192,87920.19532612487,5769,3161,2608,47356.13971225516,41248.275862068964,54759.11426380368,2042,1814,228,51585.945151811946,55429.162072767365,21008.77192982456
126,"NYC-Bronx Community District 7--Bedford Park, Fordham North & Norwood PUMA",12347,7836,4511,36142.41516157771,36895.34201123022,34834.515628463756,2346,374,1972,46138.74680306905,65040.10695187166,42554.0060851927,8233,6577,1656,33549.54451597231,36426.69910293447,22122.584541062803,1768,885,883,34952.205882352944,28484.18079096045,41434.88108720272
127,NYC-Manhattan Community District 11--East Harlem PUMA,5939,2923,3016,54342.57619127799,58131.28977078344,50670.68965517241,2967,927,2040,71914.10852713179,97229.94606256743,60410.294117647056,2668,1996,672,39506.559220389805,39972.745490981964,38121.875,304,0,304,13052.302631578947,0.0,13052.302631578947
128,Westchester County (Southeast) PUMA,6942,4637,2305,69400.78507634687,61259.34871684279,85779.02386117137,1309,669,640,215135.48510313217,216210.61285500746,214011.640625,2568,1447,1121,34122.507788161995,36540.15203870076,31001.78412132025,3065,2521,544,36718.20554649266,34328.084093613645,47794.48529411765
129,Niagara County (Southwest)--Greater Niagara Falls & North Tonawanda Area PUMA,142,107,35,30195.070422535213,23716.82242990654,50000.0,35,0,35,50000.0,0.0,50000.0,66,66,0,20000.0,20000.0,0.0,41,41,0,29700.0,29700.0,0.0
130,Erie County (Northeast) PUMA,674,513,161,161823.73887240357,179939.96101364522,104099.37888198758,454,387,67,211015.85903083702,216385.52971576227,180000.0,126,126,0,68000.0,68000.0,0.0,94,0,94,50000.0,0.0,50000.0
131,Monroe County (Central)--Greece & Gates Towns PUMA,1883,1443,440,38830.78597981944,38895.592515592514,38618.25,135,62,73,69530.14814814815,83000.0,58090.0,1535,1381,154,36246.12377850163,36915.52498189718,30243.246753246753,213,0,213,38000.0,0.0,38000.0
132,NYC-Brooklyn Community District 10--Bay Ridge & Dyker Heights PUMA,5826,3524,2302,64170.36354273945,64355.6293984109,63886.7506516073,3416,1801,1615,83489.4906323185,93324.93059411438,72521.30030959753,1568,1169,399,34773.302295918365,35019.27972626176,34052.63157894737,842,554,288,40536.69833729216,32082.12996389892,56800.0
133,"NYC-Bronx Community District 10--Co-op City, Pelham Bay & Schuylerville PUMA",4459,2923,1536,45346.87149585109,55695.82620595279,25652.864583333332,204,168,36,79691.17647058824,96339.28571428571,2000.0,3864,2635,1229,47089.85507246377,55618.178368121444,28804.963384865743,391,120,271,10203.324808184143,500.0,14500.0
134,"NYC-Manhattan Community District 1 & 2--Battery Park City, Greenwich Village & Soho PUMA",4006,1921,2085,113571.20619071393,110866.78813118167,116062.90263788968,3086,1211,1875,127827.0421257291,136527.7456647399,122207.54773333334,920,710,210,65752.17391304347,67098.59154929577,61200.0,0,0,0,#DIV/0!,0.0,0.0
135,Albany County (East Central)--Albany City PUMA,2942,1549,1393,43391.8762746431,54593.80245319561,30935.463029432878,1537,996,541,60807.35198438517,70604.41767068273,42770.609981515714,796,481,315,23013.819095477385,22278.17047817048,24137.14285714286,609,72,537,26073.891625615764,49000.0,23000.0
136,"NYC-Queens Community District 8--Briarwood, Fresh Meadows & Hillcrest PUMA",16160,9604,6556,69039.07945544555,74339.49645980842,61274.405125076264,10685,6224,4461,83728.89321478708,94463.0501285347,68752.56668908316,5172,3265,1907,41197.96983758701,37003.52220520674,48379.339276350285,303,115,188,26245.544554455446,45234.782608695656,14629.787234042553
137,NYC-Queens Community District 4--Elmhurst & South Corona PUMA,22723,15622,7101,33704.43937860318,34184.01203431059,32649.393043233347,4451,1528,2923,43467.85890811054,43305.431937172776,43552.76770441327,15526,11967,3559,32217.939971660442,34126.98554357817,25798.84799100871,2746,2127,619,26283.612527312456,27952.18617771509,20550.080775444265
138,Nassau County (Central)--Hempstead Town (North Central)--Meadowbrook Corridor PUMA,8151,5319,2832,40337.02613176298,40377.552171460804,40260.911016949154,1650,726,924,53048.72727272727,55717.63085399449,50951.731601731604,3827,2732,1095,38632.06166710217,34801.02489019034,48190.41095890411,2674,1861,813,34933.35826477188,42579.68833960236,17430.50430504305
139,"NYC-Brooklyn Community District 6--Park Slope, Carroll Gardens & Red Hook PUMA",3259,1146,2113,71109.27646517336,68869.54624781849,72324.00946521533,2360,930,1430,82301.77627118643,65024.1935483871,93538.24615384615,603,176,427,49010.348258706465,100000.0,27993.53629976581,296,40,256,26890.87837837838,21300.0,27764.453125
140,"NYC-Bronx Community District 4--Concourse, Highbridge & Mount Eden PUMA",12467,8270,4197,41410.69543595091,42912.406287787184,38451.64164879676,1866,1482,384,55904.60878885316,56190.28340080972,54802.083333333336,8861,5461,3400,41996.3548132265,44228.91411829335,38410.470588235294,1740,1327,413,22884.735632183907,22665.787490580256,23588.23244552058
141,NYC-Manhattan Community District 8--Upper East Side PUMA,11794,5368,6426,106882.97176530439,136589.60506706408,82067.34656084656,8772,2931,5841,121382.87380300957,199388.19515523713,82239.98784454717,3022,2437,585,64793.911317008606,61061.222814936395,80343.58974358975,0,0,0,#DIV/0!,0.0,0.0
142,Orange County (Northeast)--Greater Newburgh City PUMA,3773,2077,1696,67328.01484230056,48650.93885411652,90200.82547169812,1380,527,853,116254.34782608696,89428.84250474384,132827.6670574443,1680,918,762,43309.28571428572,37271.24183006536,50583.464566929135,713,632,81,29225.8064516129,31177.21518987342,14000.0
143,"NYC-Bronx Community District 12--Wakefield, Williamsbridge & Woodlawn PUMA",7284,4137,3147,46512.280340472265,47784.626540971716,44839.672704162695,3804,1583,2221,45902.300210304944,41597.915350600124,48970.21611886538,3119,2193,926,52011.89483808913,59223.666210670315,34932.613390928724,361,361,0,5423.822714681441,5423.822714681441,0.0
144,NYC-Queens Community District 10--Howard Beach & Ozone Park PUMA,8386,6049,2337,57705.20510374434,63190.271119193254,43507.87334189131,3007,2181,826,90274.02726970402,101480.83447959651,60683.17191283293,4185,3041,1144,42343.787335722816,43223.49556067083,40005.332167832166,1194,827,367,29525.209380234504,35629.50423216445,15769.754768392371
145,Suffolk County (Central)--Islip Town (Northwest) PUMA,13298,8716,4582,41305.05865543691,43553.32377237265,37028.35006547359,2919,2283,636,48448.054128126074,41823.42093736312,72227.98742138364,6563,3673,2890,42423.84580222459,50935.85624829839,31605.640138408304,3816,2760,1056,33916.95492662474,35159.60144927536,30669.128787878788
146,Capital Region,13580,7889,5691,649567.8922112096,682625.9697846322,506026.86494723853,8859,5273,3586,763782.5646847697,843306.2383660681,545656.9198520915,3069,1793,1276,#DIV/0!,293394.6384101355,227469.4511287633,1652,823,829,#DIV/0!,136668.4868175572,72280.82191780822
147,Central NY,5802,3722,2080,384977.1350070047,223334.6472523283,359084.6986730153,2314,1631,683,#DIV/0!,264083.1785404597,218789.92073282163,2319,1087,1232,#DIV/0!,61543.45654468252,209649.647926824,1169,1004,165,#DIV/0!,53535.769794721404,118320.0
148,Finger Lakes,12945,7618,5327,524359.4995593779,532242.3944996905,379094.92367939063,5836,2831,3005,#DIV/0!,663900.6872617805,333732.8097831765,6081,4159,1922,#DIV/0!,278576.66401412355,337167.3438342631,1028,628,400,#DIV/0!,140226.31578947368,112200.0
149,Long Island,138530,84308,54222,1721781.183258542,1862480.3610426884,1530214.687762391,57619,31577,26042,2406160.5593317114,2769054.997242667,2080135.2977904303,62298,38521,23777,1215827.1452673813,1244522.0461670111,1081442.296074121,18613,14210,4403,#DIV/0!,849375.4403061311,445770.26393931184
150,Mid-Hudson,95273,56320,38953,1155971.1151821497,1250096.932383422,1057510.0876672647,40309,19863,20446,1875005.5846853459,2580779.984979861,1592922.1167488657,38160,22852,15308,672279.1331076991,723182.9875997046,544973.295632836,16804,13605,3199,#DIV/0!,587706.1346908885,291718.87997658376
151,Mohawk Valley,3213,1737,1476,#DIV/0!,209245.9841756608,124964.8462542323,1242,674,568,#DIV/0!,242558.59729877053,99796.92253813994,1319,818,501,#DIV/0!,72287.58169934641,93114.84184914842,652,245,407,#DIV/0!,30167.34693877551,17648.64864864865
152,New York City,559866,334704,225162,3275634.9490392427,3467318.6879098383,3010456.8108320883,228037,115212,112825,4263642.322675831,4825176.539928271,3662898.563891737,267744,172768,94976,2328184.4833868756,2365980.0269188914,2267474.5491711865,64085,46724,17361,#DIV/0!,1656957.504374803,1031778.87476513
153,North Country,1466,754,712,145824.8785711206,126298.27660465926,166369.7893369887,899,297,602,208083.14269511556,98107.7441077441,186243.52636014132,406,296,110,225003.5368577811,378191.96428571426,40000.0,161,161,0,#DIV/0!,1500.0,0.0
154,Southern Tier,6311,3336,2975,328168.45672667807,343299.5573924918,305058.9424448166,4536,2514,2022,392467.30692563637,332708.68980880897,321257.3116598596,1225,458,767,236113.01971069415,133559.7150997151,171395.00328731097,550,364,186,#DIV/0!,86228.57142857143,6370.0
155,Western NY,9536,6760,2776,#DIV/0!,719001.0991326801,401746.7813176156,6022,4487,1535,#DIV/0!,760832.5224278127,495903.67477522744,2356,1432,924,#DIV/0!,298873.5059760689,94391.92372881356,1158,841,317,#DIV/0!,182458.19982434355,139905.97014925373
