,puma,Total_geo,Total_geo_m,Total_geo_f,Total_Avg_PINCP_mf_t,Total_Avg_PINCP_m,Total_Avg_PINCP_f,Total_BABS,Total_BABS_m,Total_BABS_f,BABS_Avg_PINCP_mf_t,BABS_Avg_PINCP_m,BABS_Avg_PINCP_f,Total_HS,Total_HS_m,Total_HS_f,HS_Avg_PINCP_mf_t,HS_Avg_PINCP_m,HS_Avg_PINCP_f,Total_HSINC,Total_HSINC_m,Total_HSINC_f,HSINC_Avg_PINCP_mf_t,HSINC_Avg_PINCP_m,HSINC_Avg_PINCP_f
0,Total Geo,857651,500744,356907,57226.68701021744,59886.973579313984,53494.2790222663,358100,181138,176962,83828.60823233734,95662.56571232983,71715.38963167234,376323,229011,147312,40493.395734515296,42338.07022370105,37625.66771885522,123228,90595,32633,31023.018875580226,32717.402395275676,26319.10949039316
1,NYC-Manhattan Community District 7--Upper West Side & West Side PUMA,4584,2625,1959,126551.592495637,150249.7142857143,94796.83511995916,4003,2334,1669,138451.5363477392,158883.67609254498,109878.37028160575,291,291,0,81000.0,81000.0,0.0,290,0,290,8000.0,0.0,8000.0
2,Nassau County (West Central)--Hempstead Town (Northwest) PUMA,8936,4358,4578,58370.30886302596,73508.37540156035,43959.71603320227,3193,1710,1483,83956.31067961165,113026.783625731,50436.075522589344,5399,2325,3074,44977.158733098724,50525.93548387097,40780.377358490565,344,323,21,31084.011627906977,29724.148606811144,52000.0
3,NYC-Brooklyn Community District 2--Brooklyn Heights & Fort Greene PUMA,4092,2090,2002,102748.2991202346,105523.63636363637,99850.96903096903,3142,1837,1305,120213.18905155952,109456.50517147523,135354.97318007663,950,253,697,44985.47368421053,76967.58893280632,33376.470588235294,0,0,0,#DIV/0!,0.0,0.0
4,Madison & Cortland Counties PUMA,45,45,0,19200.0,19200.0,0.0,0,0,0,#DIV/0!,0.0,0.0,0,0,0,#DIV/0!,0.0,0.0,45,45,0,19200.0,19200.0,0.0
5,Ontario & Yates Counties PUMA,304,245,59,41928.78289473684,35493.87755102041,68650.0,212,153,59,47973.34905660377,40000.0,68650.0,0,0,0,#DIV/0!,0.0,0.0,92,92,0,28000.0,28000.0,0.0
6,Monroe County (Central)--Greece & Gates Towns PUMA,1153,925,228,36930.18213356462,41643.78378378379,17807.01754385965,357,357,0,53319.32773109244,53319.32773109244,0.0,593,365,228,26526.98145025295,31973.972602739726,17807.01754385965,203,203,0,38497.536945812804,38497.536945812804,0.0
7,Nassau County (East Central)--Oyster Bay Town (Central) PUMA,8176,3870,4306,74073.06996086106,81535.40051679587,67366.33070134696,5143,2463,2680,86455.03013805172,102205.44051969143,71979.9328358209,2644,1211,1433,55920.95310136157,46865.4004954583,63573.621772505234,389,196,193,33748.58611825193,36000.0,31462.17616580311
8,"Clinton, Franklin, Essex & Hamilton Counties PUMA",199,199,0,27000.0,27000.0,0.0,0,0,0,#DIV/0!,0.0,0.0,199,199,0,27000.0,27000.0,0.0,0,0,0,#DIV/0!,0.0,0.0
9,NYC-Manhattan Community District 8--Upper East Side PUMA,10146,4759,5387,127011.43209146462,183523.97352384953,77086.95006497123,9136,4288,4848,136068.95687390544,197707.69356343284,81550.20627062707,746,207,539,43340.48257372654,60000.0,36942.486085343226,264,264,0,50000.0,50000.0,0.0
10,Suffolk County (Southwest)--Islip Town (South) PUMA,3422,906,2516,43749.210987726474,38662.80353200883,45580.80286168522,1948,504,1444,53855.23613963039,27500.0,63054.016620498616,448,389,59,48171.875,53582.262210796915,12500.0,1026,13,1013,22630.409356725148,25000.0,22600.0
11,Erie County (Northwest) PUMA,1153,669,484,54990.28620988725,59823.31838565022,48309.9173553719,734,250,484,64677.11171662125,96364.0,48309.9173553719,302,302,0,45700.0,45700.0,0.0,117,117,0,18200.0,18200.0,0.0
12,"NYC-Queens Community District 8--Briarwood, Fresh Meadows & Hillcrest PUMA",20105,11279,8826,55872.64561054464,54552.547211632234,57559.637434851575,11142,5377,5765,63492.963561299584,59320.249209596426,67384.84301821336,6746,4393,2353,52031.2392528906,57699.294331891644,41449.103272418186,2217,1509,708,29263.960306720794,28403.048376408216,31098.870056497177
13,NYC-Brooklyn Community District 5--East New York & Starrett City PUMA,12069,6982,5087,47693.34079045489,54648.700945287885,38146.98250442304,2633,1721,912,74999.50626661602,80528.23939570018,64566.44736842105,7786,4620,3166,43837.76393526843,49016.694805194806,36280.38534428301,1650,641,1009,22312.969696969696,25758.190327613105,20124.28146679881
14,Rockland County (North)--New City & Congers PUMA,7287,4318,2969,62228.83902840675,62686.30152848541,61563.52307174133,2404,1115,1289,87335.75291181364,106919.86547085202,70395.26764934057,4258,2650,1608,51400.51667449507,48943.698113207545,55449.37810945274,625,553,72,39428.8,39354.43037974684,40000.0
15,"Otsego, Schoharie, Oneida (South) & Herkimer (South) Counties PUMA",407,252,155,41199.09090909091,47041.78571428572,31700.0,257,109,148,54572.10116731517,85197.52293577982,32016.891891891893,113,106,7,13743.362831858407,13000.0,25000.0,37,37,0,32162.162162162163,32162.162162162163,0.0
16,NYC-Brooklyn Community District 7--Sunset Park & Windsor Terrace PUMA,9697,6176,3521,38964.34258017944,40804.26327720207,35737.0349332576,2860,1647,1213,54920.41958041958,58835.336976320585,49604.78153338829,4060,2585,1475,28013.27093596059,25525.64023210832,32372.949152542373,2777,1944,833,38541.9337414476,45844.418724279836,21499.87995198079
17,NYC-Brooklyn Community District 11--Bensonhurst & Bath Beach PUMA,16404,9536,6868,51101.10399902463,51105.03355704698,51095.647932440304,6049,3313,2736,67908.34187469003,66049.65288258376,70159.01315789473,7605,4362,3243,40105.450361604206,42788.33104080697,36496.8393462843,2750,1861,889,44539.27272727273,43993.76679204729,45681.21484814398
18,Tompkins County PUMA,1662,630,1032,53309.62695547533,44688.34920634921,58572.61627906977,1455,619,836,56781.58075601375,45038.22294022617,65476.72248803828,148,0,148,31500.0,0.0,31500.0,59,11,48,22396.610169491527,25000.0,21800.0
19,Dutchess County (Southwest) PUMA,4903,2762,2141,71173.71650010197,68524.65604634323,74591.14058851004,2879,1353,1526,97272.64050017367,100505.9866962306,94405.85321100918,1298,683,615,32568.48998459168,39000.878477306,25424.878048780487,726,726,0,36698.20936639119,36698.20936639119,0.0
20,NYC-Queens Community District 9--Richmond Hill & Woodhaven PUMA,17542,11118,6424,50486.99794778247,54066.29591653175,44292.31631382316,6982,3952,3030,59710.312231452306,72253.39068825911,43350.49504950495,8590,5505,3085,44467.401396973226,46278.124977293366,41236.272285251216,1970,1661,309,44045.95939086295,36606.02046959663,84038.64077669903
21,Westchester County (Northwest) PUMA,6987,5292,1695,42609.388865035064,39442.195767195764,52497.758112094394,2176,971,1205,73800.0,87252.31719876415,62960.0,3245,2755,490,29567.58089368259,30065.29945553539,26769.183673469386,1566,1566,0,26293.869731800765,26293.869731800765,0.0
22,Albany County (Outside Albany City) PUMA,4677,2518,2159,81153.01689116955,112029.41223193011,45142.47336729967,3285,2118,1167,98281.63165905632,124175.90179414542,51285.86118251928,1038,400,638,47720.134874759155,47713.75,47724.137931034486,354,0,354,20237.28813559322,0.0,20237.28813559322
23,Monroe County (South) PUMA,3837,2179,1658,78325.16288767266,71943.04726938963,86712.75633293124,3030,1495,1535,87124.40594059406,81646.95652173914,92459.12052117263,450,327,123,31738.0,38033.94495412844,15000.0,357,357,0,62365.82633053221,62365.82633053221,0.0
24,Jefferson & Lewis Counties PUMA,1567,1214,353,52565.411614550096,57462.10873146623,35725.21246458923,1297,944,353,59059.367771781035,67784.95762711864,35725.21246458923,270,270,0,21370.37037037037,21370.37037037037,0.0,0,0,0,#DIV/0!,0.0,0.0
25,"Chenango, Delaware & Broome (East) Counties PUMA",293,84,209,41754.266211604096,45595.23809523809,40210.52631578947,132,0,132,52000.0,0.0,52000.0,120,43,77,37916.666666666664,70000.0,20000.0,41,41,0,20000.0,20000.0,0.0
26,Erie County (Central) PUMA,1287,945,342,35323.31002331003,40190.58201058201,21874.269005847953,389,313,76,55071.9794344473,60431.30990415336,33000.0,795,632,163,27904.528301886792,30166.29746835443,19134.969325153375,103,0,103,18000.0,0.0,18000.0
27,St. Lawrence County PUMA,339,227,112,46100.29498525074,49925.11013215859,38348.21428571428,148,148,0,65027.02702702703,65027.02702702703,0.0,191,79,112,31434.55497382199,21632.91139240506,38348.21428571428,0,0,0,#DIV/0!,0.0,0.0
28,"NYC-Manhattan Community District 9--Hamilton Heights, Manhattanville & West Harlem PUMA",13221,7305,5916,43777.297481279784,47975.4893908282,38593.4246112238,5901,2740,3161,62834.96864938146,74553.08394160584,52677.538753559,4327,2661,1666,37298.913797088055,41085.68207440812,31250.540216086436,2993,1904,1089,15569.027731373204,19357.405462184874,8945.454545454546
29,Suffolk County (North Central)--Brookhaven Town (North) PUMA,3376,2249,1127,75937.99763033175,75713.65051133838,76385.69653948536,2173,1519,654,91480.75471698113,89700.72416063199,95615.10703363914,853,380,473,56514.654161781946,64875.26315789474,49797.885835095134,350,350,0,26777.14285714286,26777.14285714286,0.0
30,NYC-Brooklyn Community District 1--Greenpoint & Williamsburg PUMA,6563,3779,2784,53535.44415663568,42321.249007673985,68757.58620689655,2645,1289,1356,88465.17958412098,77151.28006206361,99220.05899705015,2437,1624,813,33420.73040623718,23411.330049261083,53414.907749077494,1481,866,615,24251.45172180959,25939.953810623556,21873.82113821138
31,Cayuga & Onondaga (South) Counties PUMA,748,659,89,39822.72727272727,38178.14871016692,52000.0,382,293,89,34972.25130890052,29800.0,52000.0,366,366,0,44885.24590163935,44885.24590163935,0.0,0,0,0,#DIV/0!,0.0,0.0
32,Nassau County (Southeast)--Oyster Bay Town (South) PUMA,1667,734,933,87067.84643071386,120592.77929155313,60693.46195069668,724,415,309,139078.86740331491,162325.5421686747,107857.60517799352,943,319,624,47135.737009544006,66300.94043887148,37338.14102564102,0,0,0,#DIV/0!,0.0,0.0
33,Fulton & Montgomery Counties PUMA,43,43,0,35000.0,35000.0,0.0,0,0,0,#DIV/0!,0.0,0.0,43,43,0,35000.0,35000.0,0.0,0,0,0,#DIV/0!,0.0,0.0
34,Onondaga County (Central)--Syracuse City (Outer) PUMA,1752,1173,579,106289.24657534246,126567.05882352941,65208.290155440416,933,504,429,150695.13397642015,215136.82539682538,74987.41258741259,658,508,150,62357.142857142855,69773.62204724409,37240.0,161,161,0,28504.347826086956,28504.347826086956,0.0
35,NYC-Staten Island Community District 2--New Springville & South Beach PUMA,5598,3108,2490,64583.333333333336,63880.083655083654,65461.124497991965,3081,1381,1700,80242.22654982148,93636.56770456191,69361.29411764706,2181,1541,640,47824.484181568085,41053.34198572356,64128.125,336,186,150,29779.761904761905,32064.516129032258,26946.666666666668
36,Niagara County (Southwest)--Greater Niagara Falls & North Tonawanda Area PUMA,654,516,138,29843.119266055044,30294.57364341085,28155.072463768116,158,158,0,50949.36708860759,50949.36708860759,0.0,435,358,77,21678.16091954023,21178.77094972067,24000.0,61,0,61,33400.0,0.0,33400.0
37,Suffolk County (Central)--Brookhaven Town (Central) PUMA,4486,2944,1542,48795.987516718684,53538.55298913043,39741.43968871595,966,583,383,65187.68115942029,73070.32590051458,53188.772845953004,1894,1451,443,53069.4297782471,56522.05375603033,41760.722347629795,1626,910,716,34079.950799508,36268.131868131866,31298.882681564246
38,"NYC-Bronx Community District 7--Bedford Park, Fordham North & Norwood PUMA",9498,5069,4429,34875.80543272268,34475.77431446045,35333.64190562204,2273,1041,1232,46269.467663880336,31420.26897214217,58816.55844155844,5259,3078,2181,36101.21696139951,40839.01884340481,29414.855570839063,1966,950,1016,18425.02543234995,17207.052631578947,19563.877952755905
39,NYC-Queens Community District 4--Elmhurst & South Corona PUMA,20968,13584,7384,39826.55265165967,37376.77547114252,44333.29333694474,7199,4457,2742,48795.44186692596,44017.28696432578,56562.12180889861,10969,6805,4164,36613.15252074027,37234.08817046289,35598.39097022094,2800,2322,478,29355.39285714286,25048.70801033592,50276.15062761506
40,"NYC-Brooklyn Community District 6--Park Slope, Carroll Gardens & Red Hook PUMA",3035,1084,1951,95722.85996705107,108602.0295202952,88567.03229113275,2994,1043,1951,95905.30394121577,109632.0230105465,88567.03229113275,41,41,0,82400.0,82400.0,0.0,0,0,0,#DIV/0!,0.0,0.0
41,Suffolk County (Central)--Islip Town (East) PUMA,2179,1141,1038,70742.86369894446,70989.65819456617,70471.57996146435,1577,727,850,85360.36778693722,96181.29298486933,76105.29411764706,602,414,188,32450.830564784053,26752.17391304348,45000.0,0,0,0,#DIV/0!,0.0,0.0
42,"NYC-Brooklyn Community District 9--Crown Heights South, Prospect Lefferts & Wingate PUMA",6540,2797,3743,42813.700305810395,41937.28995352163,43468.60806839434,1671,175,1496,44820.16756433273,71200.0,41734.29144385027,4695,2539,2156,37155.484558040465,40787.86923985821,32877.829313543596,174,83,91,176218.9655172414,15400.0,322900.0
43,"NYC-Queens Community District 7--Flushing, Murray Hill & Whitestone PUMA",30380,17493,12887,56331.70697827518,54550.46121305665,58749.59571661364,12033,6075,5958,75126.23535277986,79719.06995884774,70443.20913058073,15370,9079,6291,46788.75653871178,44673.49796233065,49841.44015259895,2977,2339,638,29633.886462882096,27519.102180418984,37386.990595611285
44,NYC-Queens Community District 3--Jackson Heights & North Corona PUMA,29334,19111,10223,38097.481079975456,37458.79912092512,39291.44086862956,5823,2977,2846,66938.23802163833,73338.44810211622,60243.42937456079,17750,11274,6476,33109.715492957745,33126.490154337414,33080.512662137124,5761,4860,901,24313.955910432218,25530.555555555555,17751.609322974473
45,Saratoga County (Outer) PUMA,1059,879,180,115045.32577903682,125898.74857792947,62044.444444444445,1006,879,127,119473.16103379722,125898.74857792947,75000.0,53,0,53,31000.0,0.0,31000.0,0,0,0,#DIV/0!,0.0,0.0
46,"NYC-Bronx Community District 12--Wakefield, Williamsbridge & Woodlawn PUMA",7929,4357,3572,41395.75986883592,50074.84048657333,30809.322508398654,2896,1798,1098,51610.98066298343,54700.0,46552.64116575592,3774,1851,1923,36593.31743508214,48458.17396002161,25172.698907956317,1259,708,551,32294.201747418585,42555.64971751413,19108.892921960072
47,"NYC-Brooklyn Community District 15--Sheepshead Bay, Gerritsen Beach & Homecrest PUMA",6601,3734,2867,56607.27162551128,57658.78414568827,55237.7746773631,2671,1264,1407,78939.423436915,84134.49367088608,74272.35252309879,3550,2090,1460,42752.45070422535,46844.832535885165,36894.17808219178,380,380,0,29068.947368421053,29068.947368421053,0.0
48,Wayne & Seneca Counties PUMA,202,0,202,316798.51485148515,0.0,316798.51485148515,99,0,99,613000.0,0.0,613000.0,103,0,103,32100.0,0.0,32100.0,0,0,0,#DIV/0!,0.0,0.0
49,Schenectady County--Schenectady City PUMA,2489,1259,1230,105368.69023704299,155523.9872915012,54030.86991869919,1531,856,675,98958.43892880471,129510.16355140187,60214.32592592593,765,403,362,132141.17647058822,210779.15632754343,44596.68508287293,193,0,193,50100.0,0.0,50100.0
50,NYC-Brooklyn Community District 10--Bay Ridge & Dyker Heights PUMA,7414,4080,3334,71038.62233612085,88975.63725490196,49088.10617876425,4465,2414,2051,93111.76842105263,121421.66528583264,59791.39249146757,2897,1614,1283,37792.71660338281,42415.055762081785,31977.864380358536,52,52,0,27900.0,27900.0,0.0
51,Nassau County (Northwest)--North Hempstead Town (North) PUMA,4438,2312,2126,108704.81748535376,128008.33910034603,87712.46472248354,2621,1391,1230,139708.04273178175,151316.52048885694,126580.081300813,1415,921,494,75171.73144876325,92805.6460369164,42295.54655870445,402,0,402,24600.0,0.0,24600.0
52,Suffolk County (West Central)--Babylon Town (Northwest) PUMA,7671,4789,2882,49387.2637205058,51454.47901440802,45952.18598195697,1731,700,1031,70100.1733102253,95631.42857142857,52765.664403491755,4658,3331,1327,47735.938170888796,46934.25397778445,49748.304446119066,1282,758,524,27419.890795631825,30521.767810026384,22932.824427480915
53,"NYC-Manhattan Community District 4 & 5--Chelsea, Clinton & Midtown Business District PUMA",7287,5431,1856,121748.31864965006,123798.41612962622,115749.35344827586,4915,3763,1152,161639.1450661241,162023.7039596067,160382.98611111112,2312,1608,704,39456.57439446367,38031.09452736318,42712.5,60,60,0,25000.0,25000.0,0.0
54,Columbia & Greene Counties PUMA,351,251,100,85534.05128205128,109252.796812749,26000.0,32,32,0,613000.0,613000.0,0.0,222,171,51,34002.036036036036,36388.6081871345,26000.0,97,48,49,29463.917525773195,33000.0,26000.0
55,Rensselaer County--Troy City PUMA,646,296,350,40048.29721362229,29477.702702702703,48988.0,323,70,253,47321.36222910217,49628.57142857143,46683.00395256917,287,190,97,34327.52613240418,23773.684210526317,55000.0,36,36,0,20400.0,20400.0,0.0
56,Erie County (West Central)--Buffalo City (West) PUMA,2403,1325,1078,36168.580940491054,42373.20754716981,28542.30055658627,1007,632,375,45864.64746772592,58253.32278481012,24985.6,476,406,70,33668.90756302521,35163.54679802956,25000.0,920,287,633,26848.91304347826,17602.787456445993,31041.074249605055
57,Erie County (South) PUMA,756,106,650,86230.15873015873,310000.0,49738.46153846154,756,106,650,86230.15873015873,310000.0,49738.46153846154,0,0,0,#DIV/0!,0.0,0.0,0,0,0,#DIV/0!,0.0,0.0
58,Oneida County (Central)--Greater Utica & Rome Cities PUMA,1814,1037,777,93224.33296582139,138305.20732883317,33058.48133848134,1011,547,464,140169.53511374877,225921.38939670933,39078.44827586207,427,114,313,25099.625292740046,27750.0,24134.313099041534,376,376,0,44361.70212765958,44361.70212765958,0.0
59,"NYC-Manhattan Community District 12--Washington Heights, Inwood & Marble Hill PUMA",21417,12441,8976,29745.159639538684,27903.343782654127,32297.970588235294,3334,1746,1588,37670.965806838634,36053.665521191295,39449.18136020151,13543,7142,6401,29995.590637229565,28881.601792215064,31238.538353382282,4540,3553,987,23177.70925110132,21931.719673515337,27663.019250253292
60,NYC-Brooklyn Community District 13--Brighton Beach & Coney Island PUMA,4557,2417,2140,46853.028746982665,53296.83574679355,39575.14018691589,1814,941,873,64063.23042998897,79004.46333687566,47958.190148911795,1929,991,938,44046.21669258683,47573.41271442987,40319.722814498935,814,485,329,15151.597051597051,15113.40206185567,15207.90273556231
61,NYC-Manhattan Community District 10--Central Harlem PUMA,7963,4934,3029,54352.40487253547,64563.376570733686,37719.54440409376,2948,1119,1829,84224.28765264586,140667.82841823055,49691.58009841444,2909,2145,764,41907.52836026126,48800.0,22556.28272251309,2106,1670,436,29727.44539411206,33815.80838323353,14067.88990825688
62,Nassau County (West Central)--North Hempstead Town (South) PUMA,10360,6162,4198,66612.89961389962,64389.56507627394,69876.40304907098,5687,2755,2932,87099.97186565852,91713.5390199637,82764.91814461119,3852,2772,1080,44946.7549325026,46237.62626262626,41633.51851851852,821,635,186,26354.68940316687,25081.889763779527,30700.0
63,NYC-Brooklyn Community District 16--Brownsville & Ocean Hill PUMA,3942,1556,2386,35484.24657534246,44365.87403598972,29692.204526404024,1061,269,792,42521.39491046183,40311.52416356877,43271.969696969696,1928,634,1294,24215.767634854772,35118.29652996845,18874.03400309119,953,653,300,50446.694648478486,55014.5482388974,40504.0
64,Albany County (East Central)--Albany City PUMA,4079,1728,2351,40162.21132630546,45501.01851851852,36238.15397703105,1330,799,531,50431.68421052631,54912.690863579475,43689.07721280603,1475,642,833,44386.11525423729,42952.52336448598,45490.99639855942,1274,287,987,24551.020408163266,25000.0,24420.46605876393
65,Nassau County (West Central)--Hempstead Town (West Central) PUMA,5705,3779,1926,64614.951796669586,65274.75522625033,63320.35306334372,1989,968,1021,84996.27953745601,90422.10743801652,79852.10577864839,2625,1812,813,58376.26666666667,64035.154525386315,45763.83763837638,1091,999,92,42468.37763519707,43156.156156156154,35000.0
66,Chemung (South) & Steuben (East) Counties--Greater Elmira & Greater Corning Cities PUMA,1209,981,228,78973.94540942927,88703.36391437308,37111.84210526316,932,809,123,93710.30042918454,98835.59950556242,60000.0,277,172,105,29391.696750902527,41046.51162790698,10300.0,0,0,0,#DIV/0!,0.0,0.0
67,"NYC-Bronx Community District 3 & 6--Belmont, Crotona Park East & East Tremont PUMA",10661,5916,4745,36324.087796641965,35609.87153482083,37214.562697576395,3334,1252,2082,42766.19676064787,41866.61341853035,43307.15658021133,6082,3562,2520,33998.05984873397,34584.50308815272,33169.12698412698,1245,1102,143,30435.66265060241,31815.78947368421,19800.0
68,"NYC-Bronx Community District 5--Morris Heights, Fordham South & Mount Hope PUMA",11692,6368,5324,32535.076975709886,34238.17525125628,30498.012772351616,1974,748,1226,43972.49240121581,59026.737967914436,34787.68352365416,7431,4196,3235,33147.27762077782,33271.37750238322,32986.31221020093,2287,1424,863,20673.808482728466,24066.011235955055,15076.477404403244
69,"NYC-Bronx Community District 8--Riverdale, Fieldston & Kingsbridge PUMA",7599,4251,3348,49707.01408080011,51210.56222065396,47797.93906810036,3389,1608,1781,65752.31631749778,78052.30099502488,54647.10836608647,3600,2033,1567,39752.333333333336,39551.10673880964,40013.4014039566,610,610,0,19312.45901639344,19312.45901639344,0.0
70,Erie County (Northeast) PUMA,586,346,240,91238.39590443685,101121.387283237,76990.41666666667,586,346,240,91238.39590443685,101121.387283237,76990.41666666667,0,0,0,#DIV/0!,0.0,0.0,0,0,0,#DIV/0!,0.0,0.0
71,NYC-Manhattan Community District 11--East Harlem PUMA,4679,2808,1871,47634.686898910026,43937.32193732194,53183.69855692143,2270,901,1369,70605.15418502202,87846.83684794673,59257.63330898466,1583,1081,502,30668.351231838282,27904.717853839036,36619.521912350596,826,826,0,17023.002421307505,17023.002421307505,0.0
72,Orange County (Southeast) PUMA,2168,992,1176,113868.12730627306,139845.86693548388,91954.93197278911,1550,642,908,140988.06451612903,186809.19003115266,108590.30837004405,618,350,268,45848.867313915856,53701.71428571428,35593.28358208955,0,0,0,#DIV/0!,0.0,0.0
73,Westchester County (Southeast) PUMA,8997,6484,2513,57696.864510392355,58753.12924120913,54971.50815758058,3435,2010,1425,93429.19650655022,115846.41293532339,61809.12280701754,2583,1600,983,43327.68099109562,40034.375,48688.09766022381,2979,2874,105,28954.011413225915,29244.606819763398,21000.0
74,NYC-Queens Community District 1--Astoria & Long Island City PUMA,14962,8810,6152,51286.2551797888,50206.20090805902,52832.95188556567,7628,3947,3681,64013.4753539591,66521.8723080821,61323.8141809291,5031,2948,2083,36088.6702444842,30591.350067842606,43868.84301488238,2303,1915,388,42330.898827616154,46773.62924281984,20403.505154639177
75,Livingston & Wyoming Counties PUMA,541,495,46,62024.029574861364,65436.36363636364,25304.347826086956,296,296,0,85000.0,85000.0,0.0,67,31,36,24462.68656716418,25000.0,24000.0,178,168,10,37955.05617977528,38428.57142857143,30000.0
76,Suffolk County (Central)--Brookhaven Town (West Central) PUMA,2959,1756,1203,86115.88374450828,88966.51480637814,81954.86284289276,922,384,538,125096.42082429501,128854.16666666667,122414.312267658,1388,994,394,82725.6484149856,91898.59154929577,59583.756345177666,649,378,271,37988.906009244994,40735.449735449736,34157.9335793358
77,Westchester County (Southwest)--Yonkers City PUMA,15285,9076,6209,51631.55682041217,51816.53261348612,51361.16862618779,4709,1673,3036,76956.94330006371,87444.56066945607,71177.69960474309,8356,5691,2665,40704.11680229775,43654.47197329116,34403.75234521576,2220,1712,508,39042.56756756757,44132.30140186916,21889.76377952756
78,Erie County (North Central) PUMA,2419,1319,1100,84385.01033484911,91979.78771796815,75278.18181818182,1988,1112,876,94490.06036217304,100431.06115107914,86948.51598173517,329,105,224,36775.37993920973,52000.0,29638.839285714286,102,102,0,41000.0,41000.0,0.0
79,Saratoga County (South & Central) PUMA,1931,1324,607,100701.93060590368,113532.8006042296,72714.9917627677,1875,1324,551,102604.49493333334,113532.8006042296,76344.8275862069,56,0,56,37000.0,0.0,37000.0,0,0,0,#DIV/0!,0.0,0.0
80,Suffolk County (South Central)--Brookhaven Town (South) PUMA,5135,3042,2093,52668.67770204479,53227.6462853386,51856.26373626374,1319,267,1052,73037.22517058377,59529.96254681648,76465.39923954372,2289,1815,474,40838.79423328965,41622.03856749311,37839.66244725738,1527,960,567,52807.832351015066,73416.66666666667,17914.567901234568
81,"NYC-Staten Island Community District 3--Tottenville, Great Kills & Annadale PUMA",1945,1017,928,62532.22570694087,74430.6784660767,49492.64978448276,1291,666,625,70402.09140201395,83692.19219219219,56240.16,548,351,197,47189.925182481755,56857.54985754986,29964.86802030457,106,0,106,46000.0,0.0,46000.0
82,Herkimer (North & Central) & Oneida (Outer) Counties PUMA,277,277,0,169065.70397111913,169065.70397111913,0.0,114,114,0,382000.0,382000.0,0.0,56,56,0,35700.0,35700.0,0.0,107,107,0,12000.0,12000.0,0.0
83,Niagara County (North & East) PUMA,117,71,46,57136.75213675214,65000.0,45000.0,0,0,0,#DIV/0!,0.0,0.0,117,71,46,57136.75213675214,65000.0,45000.0,0,0,0,#DIV/0!,0.0,0.0
84,Monroe County (Central)--Rochester City (East) PUMA,1846,1038,808,44744.22535211268,60043.83429672447,25089.529702970296,283,185,98,89824.73498233216,110756.75675675676,50310.204081632655,1201,853,348,40454.53788509576,49045.134818288396,19397.701149425287,362,0,362,23733.53591160221,0.0,23733.53591160221
85,Warren & Washington Counties PUMA,117,62,55,93075.21367521367,102900.0,82000.0,117,62,55,93075.21367521367,102900.0,82000.0,0,0,0,#DIV/0!,0.0,0.0,0,0,0,#DIV/0!,0.0,0.0
86,Nassau County (Southwest)--Hempstead Town (Southwest) & Long Beach City PUMA,3830,2374,1456,79585.43080939948,69914.74304970514,95353.43406593407,1729,916,813,129824.86986697513,124894.10480349345,135380.31980319804,1753,1110,643,42106.446092413,40578.55855855856,44744.012441679624,348,348,0,18771.264367816093,18771.264367816093,0.0
87,NYC-Brooklyn Community District 8--Crown Heights North & Prospect Heights PUMA,3034,1359,1675,58341.39749505603,57557.46872700515,58977.432835820895,1747,696,1051,71917.11505437894,79752.8735632184,66728.06850618459,1287,663,624,39913.44211344211,34257.31523378582,45923.07692307692,0,0,0,#DIV/0!,0.0,0.0
88,Onondaga County (Central)--Syracuse City PUMA,2332,1685,647,44856.861063464836,42487.95252225519,51026.27511591963,599,293,306,49966.1101836394,44256.65529010239,55433.006535947716,1513,1172,341,46400.859220092534,46205.631399317404,47071.847507331375,220,220,0,20327.272727272728,20327.272727272728,0.0
89,Westchester County (Central)--White Plains City PUMA,10957,6087,4870,98979.06361230263,97729.94414325611,100540.33470225873,7141,3291,3850,124779.3446296037,137788.5353995746,113659.02077922078,2556,1698,858,64075.0,67423.73380447585,57447.78554778555,1260,1098,162,23562.380952380954,24530.601092896173,17000.0
90,NYC-Brooklyn Community District 3--Bedford-Stuyvesant PUMA,3640,1577,2063,46226.81318681319,48178.82054533925,44734.658264663114,1145,202,943,69721.39737991267,45014.851485148516,75013.78579003182,2022,1058,964,34270.52423343225,48681.47448015123,18454.35684647303,473,317,156,40464.27061310782,48517.35015772871,24100.0
91,"NYC-Bronx Community District 1 & 2--Hunts Point, Longwood & Melrose PUMA",10049,6450,3599,39704.67111155339,42675.696124031005,34380.10558488469,3164,1713,1451,43468.470290771176,42990.21599532983,44033.08063404549,4154,2943,1211,45365.59942224362,49701.18926265715,34829.14946325351,2731,1794,937,26733.5408275357,30850.278706800447,18851.54749199573
92,Cattaraugus & Allegany Counties PUMA,299,162,137,42587.79264214047,27177.46913580247,60810.21897810219,274,137,137,46405.109489051094,32000.0,60810.21897810219,25,25,0,750.0,750.0,0.0,0,0,0,#DIV/0!,0.0,0.0
93,Oswego County PUMA,172,18,154,30025.581395348836,69500.0,25411.68831168831,35,18,17,74357.14285714286,69500.0,79500.0,137,0,137,18700.0,0.0,18700.0,0,0,0,#DIV/0!,0.0,0.0
94,"NYC-Queens Community District 5--Ridgewood, Glendale & Middle Village PUMA",11010,6121,4889,47725.977293369666,52576.034961607584,41653.732869707506,4119,1606,2513,65676.94828841952,85005.13698630137,53324.75129327497,4847,2697,2150,38647.05178460904,45426.71857619577,30142.511627906977,2044,1818,226,33080.91976516634,34534.54345434543,21387.610619469026
95,Monroe County (East) PUMA,1843,972,871,77329.16983179598,73636.83127572016,81449.66704936854,1336,552,784,87524.25149700599,89615.9420289855,86051.5306122449,507,420,87,50464.023668639056,52635.71428571428,39980.0,0,0,0,#DIV/0!,0.0,0.0
96,Westchester County (South Central)--New Rochelle & Mount Vernon Cities PUMA,8313,4763,3550,73543.910742211,75818.39176989293,70492.26197183099,4187,1476,2711,104117.65703367566,151596.34146341463,78267.95647362596,2841,2002,839,45465.64589933122,45506.893106893105,45367.222884386174,1285,1285,0,36001.556420233464,36001.556420233464,0.0
97,"NYC-Queens Community District 14--Far Rockaway, Breezy Point & Broad Channel PUMA",4465,2992,1473,43016.9764837626,41422.39304812834,46255.940257976916,1420,578,842,57791.126760563384,57902.07612456747,57714.96437054632,1042,746,296,54864.68330134357,63471.84986595174,33172.2972972973,2003,1668,335,26379.630554168747,25850.359712230216,29014.925373134327
98,"NYC-Brooklyn Community District 12--Borough Park, Kensington & Ocean Parkway PUMA",6466,4618,1848,42569.54840705227,45524.599393676915,35185.119047619046,2493,1554,939,51572.442839951866,57397.36164736165,41932.48136315229,2290,1432,858,40838.82096069869,49000.27932960894,27217.365967365968,1683,1632,51,31588.651218062983,31169.54656862745,45000.0
99,"NYC-Bronx Community District 10--Co-op City, Pelham Bay & Schuylerville PUMA",4801,2511,2290,57705.03228494064,66877.49900438072,47647.362445414845,2207,563,1644,84773.02220208428,198287.03374777976,45899.30656934307,2060,1414,646,34481.844660194176,26434.653465346535,52095.97523219814,534,534,0,35421.722846441946,35421.722846441946,0.0
100,"NYC-Queens Community District 11--Bayside, Douglaston & Little Neck PUMA",14501,7602,6899,68400.1710226881,68140.8379373849,68685.92984490505,8608,3633,4975,84812.8810408922,99064.83622350675,74405.3728643216,5583,3796,1787,44603.456922801364,39125.42149631191,56240.06715165081,310,173,137,41227.41935483871,55398.84393063584,23332.116788321167
101,"NYC-Manhattan Community District 6--Murray Hill, Gramercy & Stuyvesant Town PUMA",7400,5218,2182,136342.36756756756,144148.56650057493,117674.74793767185,7026,4844,2182,139675.13805863934,149585.30553261767,117674.74793767185,374,374,0,73732.62032085561,73732.62032085561,0.0,0,0,0,#DIV/0!,0.0,0.0
102,Chautauqua County PUMA,252,221,31,22587.301587301587,20045.24886877828,40709.67741935484,31,0,31,40709.67741935484,0.0,40709.67741935484,42,42,0,37285.71428571428,37285.71428571428,0.0,179,179,0,16000.0,16000.0,0.0
103,NYC-Brooklyn Community District 18--Canarsie & Flatlands PUMA,16545,8466,8079,49558.17346630402,44572.460429955114,54782.711969303135,6652,2473,4179,59752.53006614552,52005.01415285079,64337.26489590811,9526,5831,3695,43002.75561620827,41600.42016806723,45215.75101488498,367,162,205,34937.05722070845,38086.41975308642,32448.29268292683
104,Erie County (West Central)--Buffalo City (East) PUMA,1130,972,158,27997.87610619469,30518.106995884773,12493.67088607595,174,87,87,38689.65517241379,66931.03448275862,10448.275862068966,787,787,0,27553.494282083862,27553.494282083862,0.0,169,98,71,19059.171597633136,22000.0,15000.0
105,Genesee & Orleans Counties PUMA,431,305,126,30320.18561484919,20000.0,55301.5873015873,29,0,29,160000.0,0.0,160000.0,97,0,97,24000.0,0.0,24000.0,305,305,0,20000.0,20000.0,0.0
106,"NYC-Staten Island Community District 1--Port Richmond, Stapleton & Mariner's Harbor PUMA",8385,4207,4178,51700.162194394754,45965.58117423342,57474.54763044519,3505,1591,1914,76741.90014265335,71290.38340666247,81273.43782654128,4116,1999,2117,34998.396501457726,31773.886943471734,38043.17430325933,764,617,147,26795.942408376963,26642.139384116694,27441.496598639456
107,"Steuben (North & West), Schuyler & Chemung (North) Counties PUMA",110,79,31,30709.545454545456,34500.0,21050.0,0,0,0,#DIV/0!,0.0,0.0,110,79,31,30709.545454545456,34500.0,21050.0,0,0,0,#DIV/0!,0.0,0.0
108,Nassau County (South Central)--Hempstead Town (Southeast) PUMA,3427,1830,1597,57535.774730084624,59211.530054644805,55615.52911709455,1248,416,832,84117.30769230769,109592.30769230769,71379.80769230769,1277,807,470,44677.91699295223,42594.42379182156,48255.31914893617,902,607,295,38961.19733924612,46775.94728171334,22881.35593220339
109,"NYC-Bronx Community District 9--Castle Hill, Clason Point & Parkchester PUMA",11743,6185,5558,40031.354849697695,40413.50040420372,39606.099316300824,2315,1224,1091,53189.37365010799,45862.82679738562,61409.07424381302,6809,3066,3743,36541.38640035247,42040.41095890411,32036.975687950842,2619,1895,724,37474.03589156167,34261.477572559364,45882.59668508287
110,Suffolk County (East) PUMA,7258,5634,1624,47849.32901625792,49404.34859779908,42454.63669950739,1890,1564,326,68505.291005291,65095.90792838875,84861.96319018405,4437,3218,1219,35840.101419878294,38306.774394033564,29328.408531583264,931,852,79,63150.26852846402,62515.140845070426,70000.0
111,Orange County (Northwest) PUMA,3649,2613,1036,49349.13674979447,56117.94871794872,32276.833976833976,1133,775,358,75225.06619593999,87390.70967741935,48888.82681564246,2245,1624,621,38152.783964365255,43595.68965517241,23918.840579710144,271,214,57,33918.81918819188,37892.52336448598,19000.0
112,Broome County (West Central)--Greater Binghamton City & Greater Johnson City Village PUMA,766,432,334,104503.91644908616,165066.2037037037,26171.85628742515,430,352,78,163231.62790697673,195763.06818181818,16423.076923076922,336,80,256,29346.428571428572,30000.0,29142.1875,0,0,0,#DIV/0!,0.0,0.0
113,"NYC-Bronx Community District 11--Pelham Parkway, Morris Park & Laconia PUMA",9173,5537,3636,41384.705112831136,41605.18331226296,41048.95489548955,2897,1507,1390,56545.63341387642,57489.64830789648,55522.1582733813,4601,2788,1813,35338.187350575965,38940.53084648494,29798.565912851627,1675,1242,433,31772.059701492537,28313.043478260868,41693.764434180135
114,Suffolk County (Northwest)--Smithtown Town PUMA,2119,1314,805,66709.98112317131,74364.07914764079,54216.21118012422,1644,979,665,71259.39781021897,84664.35137895812,51524.887218045114,475,335,140,50964.21052631579,44262.68656716418,67000.0,0,0,0,#DIV/0!,0.0,0.0
115,Ulster County (East) PUMA,1753,904,849,53853.622361665715,55472.566371681416,52129.79976442874,972,358,614,64722.325102880655,73387.98882681564,59669.70684039088,530,332,198,35528.301886792455,39891.56626506024,28212.121212121212,251,214,37,50459.3625498008,49674.299065420564,55000.0
116,Westchester County (Northeast) PUMA,3126,2033,1093,58650.463851567496,44100.90998524348,85712.90027447393,1075,463,612,97516.88372093023,81429.04967602591,109687.90849673202,1025,544,481,54354.34146341463,53599.26470588235,55208.31600831601,1026,1026,0,22219.785575048732,22219.785575048732,0.0
117,NYC-Brooklyn Community District 4--Bushwick PUMA,5673,3339,2334,43582.09236735413,31353.522012578618,61076.17823479006,1534,442,1092,59998.6962190352,41511.31221719457,67481.68498168499,3307,2363,944,40256.06592077412,28893.529411764706,68698.51694915254,832,534,298,26534.134615384617,33831.4606741573,13457.71812080537
118,NYC-Manhattan Community District 3--Chinatown & Lower East Side PUMA,7745,4009,3736,64963.137508069725,60444.89897730107,69811.53640256959,3828,2018,1810,99523.223615465,81172.44796828543,119982.81767955801,3193,1793,1400,31975.133103664266,38048.85666480759,24196.428571428572,724,198,526,27718.232044198896,52000.0,18577.946768060836
119,Dutchess County (North & East) PUMA,2206,1436,770,114287.26201269266,55496.309192200555,223928.57142857142,1025,439,586,199405.56097560975,91294.98861047837,280396.2457337884,1088,904,184,42196.875,41811.28318584071,44091.30434782609,93,93,0,19535.483870967742,19535.483870967742,0.0
120,Nassau County (Central)--Hempstead Town (North Central)--Meadowbrook Corridor PUMA,9895,6071,3824,47196.600303183426,53033.51342447702,37929.890167364014,2994,1764,1230,72186.29258517035,86334.67120181405,51895.44715447154,4911,2693,2218,38637.36509875789,42877.90568139621,33488.68349864743,1990,1614,376,30721.859296482413,33582.34200743494,18443.08510638298
121,Broome (Outer West) & Tioga Counties PUMA,577,295,282,86039.86135181975,135915.25423728814,33865.24822695035,426,154,272,98262.91079812206,210000.0,35000.0,151,141,10,51556.291390728475,55000.0,3000.0,0,0,0,#DIV/0!,0.0,0.0
122,"Rockland County (South)--Orangetown, Clarkstown (South) & Ramapo (Southeast) Towns PUMA",6276,3906,2370,95073.55003186743,114702.30414746543,62723.375527426164,4139,2171,1968,122755.85890311669,172352.69461077845,68043.08943089431,1450,1130,320,47102.48275862069,51165.486725663715,32755.0,687,605,82,29543.66812227074,26500.0,52000.0
123,"NYC-Brooklyn Community District 17--East Flatbush, Farragut & Rugby PUMA",6218,2855,3363,39150.03216468318,42204.13309982487,36557.27029438002,1136,379,757,48074.82394366197,63113.456464379946,40545.57463672391,4596,2060,2536,36399.891209747606,37992.6213592233,35106.1119873817,486,416,70,44296.2962962963,44009.61538461538,46000.0
124,Orange County (Northeast)--Greater Newburgh City PUMA,2637,1466,1171,36189.723170269244,39344.54297407913,32240.136635354396,116,0,116,65000.0,0.0,65000.0,1501,825,676,37053.96402398401,38143.27272727273,35724.55621301775,1020,641,379,31641.470588235294,40890.63962558503,15998.416886543535
125,"NYC-Manhattan Community District 1 & 2--Battery Park City, Greenwich Village & Soho PUMA",7876,4215,3661,155861.29304215338,214618.08398576512,88213.14394974051,7294,4137,3157,165619.4877981903,216779.121102248,98578.81533101045,422,78,344,34082.93838862559,100000.0,19136.627906976744,160,0,160,32200.0,0.0,32200.0
126,NYC-Queens Community District 6--Forest Hills & Rego Park PUMA,14925,7875,7050,69582.14257956449,73092.09904761905,65661.44652482269,9880,5047,4833,77529.21538461538,78046.70101050129,76988.81605627974,4515,2609,1906,57422.86378737541,67219.15676504408,44013.35257082896,530,219,311,25020.0,28875.79908675799,22304.8231511254
127,Onondaga County (North) PUMA,723,246,477,105955.4633471646,246020.32520325202,33720.75471698113,506,246,260,142729.2490118577,246020.32520325202,45000.0,85,0,85,30000.0,0.0,30000.0,132,0,132,13900.0,0.0,13900.0
128,Nassau County (Northeast)--Oyster Bay Town (North) & Glen Cove City PUMA,6241,3552,2689,103455.6577471559,113027.89977477478,90811.32763108962,4015,2339,1676,141514.12204234122,153195.59640872167,125211.63484486873,1877,864,1013,39081.012253596164,45159.83796296296,33896.307996051335,349,349,0,11840.974212034384,11840.974212034384,0.0
129,Monroe County (North & West) PUMA,461,305,156,68658.1344902386,78154.09836065574,50092.307692307695,250,187,63,94764.0,109171.12299465241,52000.0,211,118,93,37727.01421800948,29000.0,48800.0,0,0,0,#DIV/0!,0.0,0.0
130,Sullivan & Ulster (West) Counties PUMA,1448,1174,274,50132.113259668506,48570.10221465077,56824.81751824817,320,186,134,78614.0625,64766.12903225807,97835.82089552238,498,358,140,54000.0,68245.81005586592,17571.428571428572,630,630,0,32607.619047619046,32607.619047619046,0.0
131,Suffolk County (Southwest)--Babylon Town (Southeast) PUMA,2351,1187,1164,40252.1054870268,51950.631844987365,28322.422680412372,477,208,269,43599.58071278826,37826.92307692308,48063.1970260223,1399,862,537,44970.26447462473,58340.37122969838,23508.379888268155,475,117,358,22994.315789473683,29982.905982905984,20710.335195530726
132,Suffolk County (Northwest)--Huntington Town (North) PUMA,3769,2259,1510,43115.35155213584,46992.19123505976,37315.496688741725,1056,654,402,73223.48484848485,99331.80428134557,30748.756218905473,1855,811,1044,36162.0269541779,31870.727496917385,39495.5938697318,858,794,64,21092.30769230769,19326.448362720403,43000.0
133,"NYC-Queens Community District 12--Jamaica, Hollis & St. Albans PUMA",16675,10385,6290,40320.15712143928,42112.2869523351,37361.29093799682,5605,3070,2535,53054.044603033006,60514.592833876224,44018.98224852071,7749,5124,2625,38658.63982449348,38462.70491803279,39041.10476190476,3321,2191,1130,22705.48027702499,24862.345960748517,18523.451327433628
134,"NYC-Queens Community District 13--Queens Village, Cambria Heights & Rosedale PUMA",15808,8260,7548,51019.375632591094,50241.62832929782,51870.4875463699,7416,3035,4381,61506.13403451996,64672.8665568369,59312.33508331431,7629,4637,2992,42856.77021890156,43301.89777873625,42166.91176470588,763,588,175,30708.387942332898,30480.95238095238,31472.571428571428
135,Monroe County (Central)--Rochester City (West) PUMA,1391,970,421,46530.55355859094,31935.05154639175,80159.14489311163,281,183,98,54886.120996441285,42229.50819672131,78520.40816326531,670,561,109,58546.26865671642,31112.29946524064,199743.11926605506,440,226,214,22897.727272727272,25641.59292035398,20000.0
136,NYC-Queens Community District 10--Howard Beach & Ozone Park PUMA,11519,7115,4404,41092.89868912232,40743.66830639494,41657.10717529518,4193,2301,1892,53999.52301454805,49652.62929161234,59286.09936575053,5261,3100,2161,35222.31514921118,39722.25806451613,28767.0522906062,2065,1714,351,29842.372881355932,30630.98016336056,25991.452991452992
137,Suffolk County (Central)--Islip Town (Northwest) PUMA,12291,8789,3502,49276.77243511513,51457.60723631812,43803.51227869789,1648,1058,590,65836.71723300971,64542.44801512287,68157.62711864407,6612,4568,2044,44615.01814882032,44901.138353765324,43975.58708414873,4031,3163,868,50153.1629868519,56549.66803667404,26844.239631336404
138,Putnam County PUMA,2179,1392,787,34842.17530977513,36354.02298850575,32168.10673443456,633,279,354,32319.11532385466,36903.22580645161,28706.214689265536,1081,811,270,32792.96947271045,31395.80764488286,36989.62962962963,465,302,163,43040.645161290326,49161.58940397351,31700.0
139,NYC-Queens Community District 2--Sunnyside & Woodside PUMA,19203,11956,7247,49824.243087017654,50104.252258280365,49362.28784324548,8082,4201,3881,73690.3996535511,78692.05189240657,68276.34630249935,8432,5849,2583,33469.069022770396,35337.90220550521,29237.243515292295,2689,1906,783,29378.18519895872,32408.048268625393,22002.809706257984
140,Nassau County (Central)--Hempstead Town (East Central) PUMA,1638,876,762,62905.92185592186,48911.41552511416,78994.09448818897,792,413,379,85254.4191919192,68571.42857142857,103434.03693931398,742,463,279,42962.80323450135,31374.51403887689,62193.54838709677,104,0,104,35000.0,0.0,35000.0
141,Suffolk County (Northwest)--Huntington Town (South) PUMA,3164,1329,1835,127047.47155499368,182412.64108352145,86949.2098092643,2415,928,1487,155725.79710144928,243177.80172413794,101149.15938130463,466,118,348,25170.38626609442,21918.64406779661,26272.988505747126,283,283,0,50074.20494699647,50074.20494699647,0.0
142,"NYC-Bronx Community District 4--Concourse, Highbridge & Mount Eden PUMA",14199,8026,6173,34858.18015353194,36543.19710939447,32667.357848695934,3769,2191,1578,38796.126293446534,42924.87448653583,33063.498098859316,7696,4274,3422,36769.71153846154,36931.048198408986,36568.20572764465,2734,1561,1173,24048.646671543527,26524.023062139655,20754.47570332481
143,Nassau County (Central)--Hempstead Town (Northeast) PUMA,6632,4844,1788,63349.93968636912,54390.792733278286,87621.81208053691,2063,690,1373,92287.83325254483,85573.91304347826,95661.90823015296,2668,2253,415,56167.91604197901,55273.857079449626,61021.68674698795,1901,1901,0,42025.77590741715,42025.77590741715,0.0
144,NYC-Brooklyn Community District 14--Flatbush & Midwood PUMA,10684,6151,4533,37445.9284912018,42244.074134287104,30935.142289874257,3076,2205,871,60002.92587776333,65725.57823129251,45515.61423650976,5935,2548,3387,28307.902274641954,30572.056514913656,26604.60584588131,1673,1398,275,28389.659294680216,26481.25894134478,38091.27272727273
145,"Rockland County (West)--Spring Valley, Suffern Villages & Monsey PUMA",4745,2922,1823,47107.37618545838,39536.4476386037,59242.45748765771,1148,489,659,72271.86411149826,51931.49284253579,87365.09863429438,2999,1835,1164,43298.56618872958,43284.46866485014,43320.790378006874,598,598,0,17899.665551839465,17899.665551839465,0.0
146,Capital Region,15349,8317,7032,77445.36256433644,103406.34844294818,46740.36831626849,9499,6140,3359,94725.62353931993,115340.83517915309,57042.563262875854,3896,1806,2090,60884.618069815195,78817.53709856035,45388.516746411486,1954,371,1583,26460.440122824974,25588.67924528302,26664.750473783955
147,Central NY,5772,3826,1946,69862.53638253639,80462.82279142708,49021.47995889003,2455,1354,1101,105381.32790224033,141727.88774002955,60682.65213442325,2759,2046,713,48124.465386009426,51821.11436950147,37516.69004207574,558,426,132,21075.2688172043,23298.591549295776,13900.0
148,Finger Lakes,12009,7434,4575,65614.76392705471,58001.86978746301,77985.09289617486,6173,3408,2765,91551.28786651547,79365.6690140845,106570.66907775769,3899,2675,1224,40688.24313926648,41009.7570093458,39985.58823529412,1937,1351,586,33132.75167785235,37754.700222057734,22477.030716723548
149,Long Island,131125,78101,53024,63969.786310772164,66771.82507266232,59842.56035003017,51964,26315,25649,93896.91786621507,105167.0093102793,82334.18807750789,57482,36236,21246,46693.27145889148,49171.00562976046,42467.38539019109,21679,15550,6129,38044.01310023525,42811.31189710611,25948.810572687224
150,Mid-Hudson,92916,57620,35296,65922.6139523871,64381.08660187435,68439.12590661831,39042,17691,21351,101967.19937503201,119264.80187666045,87634.76127581847,38172,25792,12380,43293.98250026197,44418.88182382134,40950.411954765754,15702,14137,1565,31310.93491274997,32119.45957416708,24007.348242811502
151,Mohawk Valley,2541,1609,932,92173.62062180245,126546.44499689247,32832.55364806867,1382,770,612,144200.02170767004,229108.4805194805,37370.751633986925,639,319,320,24686.60406885759,25221.63009404389,24153.25,520,520,0,36834.61538461538,36834.61538461538,0.0
152,New York City,580161,333044,247117,53305.031315445194,55725.73845497892,50042.60101490387,236668,119293,117375,77789.92488211334,88382.8359585223,67023.91729073483,264366,156346,108020,38577.33695331472,40157.61463676717,36290.07445843362,79127,57405,21722,29276.70795050994,30261.941816914903,26673.018138292973
153,North Country,2105,1640,465,49107.36342042755,52722.560975609755,36356.98924731183,1445,1092,353,59670.58823529412,67411.17216117216,35725.21246458923,660,548,112,25980.303030303032,23452.554744525547,38348.21428571428,0,0,0,#DIV/0!,0.0,0.0
154,Southern Tier,4617,2501,2116,71342.2460472168,93215.01799280288,45489.78733459357,3375,1934,1441,85590.75555555556,108110.26887280248,55366.78695350451,1142,515,627,33605.0350262697,44564.077669902916,24603.58851674641,100,52,48,21414.0,21057.69230769231,21800.0
155,Western NY,11056,6652,4404,53801.26537626628,57435.220986169574,48312.375113533155,6097,3141,2956,73862.98835492866,88381.54727793696,58435.79161028417,3308,2728,580,31286.381499395404,32283.449413489736,26596.724137931036,1651,783,868,24826.65051483949,20923.882503192846,28347.235023041474
