,puma,Total_geo,Total_geo_m,Total_geo_f,Total_Emp_mf_t,Total_emp_m,Total_emp_f,Total_UnEmp_mf_t,Total_UnEmp_m,Total_UnEmp_f,Total_BABS,Total_BABS_m,Total_BABS_f,BABS_Emp_mf_t,BABS_emp_m,BABS_emp_f,BABS_UnEmp_mf_t,BABS_UnEmp_m,BABS_UnEmp_f,Total_HS,Total_HS_m,Total_HS_f,HS_Emp_mf_t,HS_emp_m,HS_emp_f,HS_UnEmp_mf_t,HS_UnEmp_m,HS_UnEmp_f,Total_HSINC,Total_HSINC_m,Total_HSINC_f,HSINC_Emp_mf_t,HSINC_emp_m,HSINC_emp_f,HSINC_UnEmp_mf_t,HSINC_UnEmp_m,HSINC_UnEmp_f
0,Total Geo,193810,115756,78054,185830,111988,73842,7980,3768,4212,50657,26804,23853,49115,25787,23328,1542,1017,525,102407,59203,43204,97471,57391,40080,4936,1812,3124,40746,29749,10997,39244,28810,10434,1502,939,563
1,NYC-Manhattan Community District 7--Upper West Side & West Side PUMA,2244,1643,601,2244,1643,601,0,0,0,1953,1352,601,1953,1352,601,0,0,0,291,291,0,291,291,0,0,0,0,0,0,0,0,0,0,0,0,0
2,Nassau County (West Central)--Hempstead Town (Northwest) PUMA,1315,496,819,1315,496,819,0,0,0,313,119,194,313,119,194,0,0,0,679,54,625,679,54,625,0,0,0,323,323,0,323,323,0,0,0,0
3,NYC-Brooklyn Community District 2--Brooklyn Heights & Fort Greene PUMA,227,175,52,227,175,52,0,0,0,133,133,0,133,133,0,0,0,0,94,42,52,94,42,52,0,0,0,0,0,0,0,0,0,0,0,0
4,Madison & Cortland Counties PUMA,0,0,0,0,0,0,0,0,0,0,0,0,0,0,0,0,0,0,0,0,0,0,0,0,0,0,0,0,0,0,0,0,0,0,0,0
5,Ontario & Yates Counties PUMA,0,0,0,0,0,0,0,0,0,0,0,0,0,0,0,0,0,0,0,0,0,0,0,0,0,0,0,0,0,0,0,0,0,0,0,0
6,Monroe County (Central)--Greece & Gates Towns PUMA,0,0,0,0,0,0,0,0,0,0,0,0,0,0,0,0,0,0,0,0,0,0,0,0,0,0,0,0,0,0,0,0,0,0,0,0
7,Nassau County (East Central)--Oyster Bay Town (Central) PUMA,493,51,442,442,51,391,51,0,51,295,51,244,295,51,244,0,0,0,198,0,198,147,0,147,51,0,51,0,0,0,0,0,0,0,0,0
8,"Clinton, Franklin, Essex & Hamilton Counties PUMA",199,199,0,199,199,0,0,0,0,0,0,0,0,0,0,0,0,0,199,199,0,199,199,0,0,0,0,0,0,0,0,0,0,0,0,0
9,NYC-Manhattan Community District 8--Upper East Side PUMA,1092,230,862,1092,230,862,0,0,0,1092,230,862,1092,230,862,0,0,0,0,0,0,0,0,0,0,0,0,0,0,0,0,0,0,0,0,0
10,Suffolk County (Southwest)--Islip Town (South) PUMA,309,250,59,309,250,59,0,0,0,0,0,0,0,0,0,0,0,0,309,250,59,309,250,59,0,0,0,0,0,0,0,0,0,0,0,0
11,Erie County (Northwest) PUMA,0,0,0,0,0,0,0,0,0,0,0,0,0,0,0,0,0,0,0,0,0,0,0,0,0,0,0,0,0,0,0,0,0,0,0,0
12,"NYC-Queens Community District 8--Briarwood, Fresh Meadows & Hillcrest PUMA",2191,1143,1048,1786,1143,643,405,0,405,568,533,35,568,533,35,0,0,0,1623,610,1013,1218,610,608,405,0,405,0,0,0,0,0,0,0,0,0
13,NYC-Brooklyn Community District 5--East New York & Starrett City PUMA,5594,3103,2491,5594,3103,2491,0,0,0,764,529,235,764,529,235,0,0,0,3802,2237,1565,3802,2237,1565,0,0,0,1028,337,691,1028,337,691,0,0,0
14,Rockland County (North)--New City & Congers PUMA,916,545,371,916,545,371,0,0,0,69,0,69,69,0,69,0,0,0,518,288,230,518,288,230,0,0,0,329,257,72,329,257,72,0,0,0
15,"Otsego, Schoharie, Oneida (South) & Herkimer (South) Counties PUMA",33,11,22,33,11,22,0,0,0,15,0,15,15,0,15,0,0,0,7,0,7,7,0,7,0,0,0,11,11,0,11,11,0,0,0,0
16,NYC-Brooklyn Community District 7--Sunset Park & Windsor Terrace PUMA,2504,1898,606,2435,1898,537,69,0,69,855,581,274,855,581,274,0,0,0,761,429,332,692,429,263,69,0,69,888,888,0,888,888,0,0,0,0
17,NYC-Brooklyn Community District 11--Bensonhurst & Bath Beach PUMA,894,604,290,797,507,290,97,97,0,67,67,0,67,67,0,0,0,0,296,97,199,199,0,199,97,97,0,531,440,91,531,440,91,0,0,0
18,Tompkins County PUMA,0,0,0,0,0,0,0,0,0,0,0,0,0,0,0,0,0,0,0,0,0,0,0,0,0,0,0,0,0,0,0,0,0,0,0,0
19,Dutchess County (Southwest) PUMA,365,365,0,365,365,0,0,0,0,33,33,0,33,33,0,0,0,0,110,110,0,110,110,0,0,0,0,222,222,0,222,222,0,0,0,0
20,NYC-Queens Community District 9--Richmond Hill & Woodhaven PUMA,3681,2554,1127,3492,2365,1127,189,189,0,851,476,375,851,476,375,0,0,0,2267,1515,752,2145,1393,752,122,122,0,563,563,0,496,496,0,67,67,0
21,Westchester County (Northwest) PUMA,1730,1072,658,1730,1072,658,0,0,0,25,25,0,25,25,0,0,0,0,1157,499,658,1157,499,658,0,0,0,548,548,0,548,548,0,0,0,0
22,Albany County (Outside Albany City) PUMA,623,304,319,623,304,319,0,0,0,219,219,0,219,219,0,0,0,0,220,85,135,220,85,135,0,0,0,184,0,184,184,0,184,0,0,0
23,Monroe County (South) PUMA,525,260,265,525,260,265,0,0,0,94,0,94,94,0,94,0,0,0,171,0,171,171,0,171,0,0,0,260,260,0,260,260,0,0,0,0
24,Jefferson & Lewis Counties PUMA,918,687,231,918,687,231,0,0,0,503,503,0,503,503,0,0,0,0,415,184,231,415,184,231,0,0,0,0,0,0,0,0,0,0,0,0
25,"Chenango, Delaware & Broome (East) Counties PUMA",64,41,23,64,41,23,0,0,0,0,0,0,0,0,0,0,0,0,23,0,23,23,0,23,0,0,0,41,41,0,41,41,0,0,0,0
26,Erie County (Central) PUMA,480,295,185,480,295,185,0,0,0,169,93,76,169,93,76,0,0,0,311,202,109,311,202,109,0,0,0,0,0,0,0,0,0,0,0,0
27,St. Lawrence County PUMA,62,62,0,62,62,0,0,0,0,62,62,0,62,62,0,0,0,0,0,0,0,0,0,0,0,0,0,0,0,0,0,0,0,0,0,0
28,"NYC-Manhattan Community District 9--Hamilton Heights, Manhattanville & West Harlem PUMA",902,347,555,902,347,555,0,0,0,689,347,342,689,347,342,0,0,0,0,0,0,0,0,0,0,0,0,213,0,213,213,0,213,0,0,0
29,Suffolk County (North Central)--Brookhaven Town (North) PUMA,499,222,277,322,178,144,177,44,133,279,178,101,279,178,101,0,0,0,220,44,176,43,0,43,177,44,133,0,0,0,0,0,0,0,0,0
30,NYC-Brooklyn Community District 1--Greenpoint & Williamsburg PUMA,2574,1450,1124,2443,1450,993,131,0,131,586,129,457,586,129,457,0,0,0,775,455,320,644,455,189,131,0,131,1213,866,347,1213,866,347,0,0,0
31,Cayuga & Onondaga (South) Counties PUMA,526,437,89,526,437,89,0,0,0,382,293,89,382,293,89,0,0,0,144,144,0,144,144,0,0,0,0,0,0,0,0,0,0,0,0,0
32,Nassau County (Southeast)--Oyster Bay Town (South) PUMA,1341,776,565,1341,776,565,0,0,0,93,93,0,93,93,0,0,0,0,1248,683,565,1248,683,565,0,0,0,0,0,0,0,0,0,0,0,0
33,Fulton & Montgomery Counties PUMA,0,0,0,0,0,0,0,0,0,0,0,0,0,0,0,0,0,0,0,0,0,0,0,0,0,0,0,0,0,0,0,0,0,0,0,0
34,Onondaga County (Central)--Syracuse City (Outer) PUMA,351,275,76,351,275,76,0,0,0,0,0,0,0,0,0,0,0,0,142,66,76,142,66,76,0,0,0,209,209,0,209,209,0,0,0,0
35,NYC-Staten Island Community District 2--New Springville & South Beach PUMA,1163,964,199,1163,964,199,0,0,0,125,78,47,125,78,47,0,0,0,963,811,152,963,811,152,0,0,0,75,75,0,75,75,0,0,0,0
36,Niagara County (Southwest)--Greater Niagara Falls & North Tonawanda Area PUMA,0,0,0,0,0,0,0,0,0,0,0,0,0,0,0,0,0,0,0,0,0,0,0,0,0,0,0,0,0,0,0,0,0,0,0,0
37,Suffolk County (Central)--Brookhaven Town (Central) PUMA,4386,1953,2433,3967,1953,2014,419,0,419,333,128,205,333,128,205,0,0,0,2675,1163,1512,2256,1163,1093,419,0,419,1378,662,716,1378,662,716,0,0,0
38,"NYC-Bronx Community District 7--Bedford Park, Fordham North & Norwood PUMA",1809,973,836,1630,794,836,179,179,0,317,317,0,317,317,0,0,0,0,910,363,547,910,363,547,0,0,0,582,293,289,403,114,289,179,179,0
39,NYC-Queens Community District 4--Elmhurst & South Corona PUMA,4826,3540,1286,4723,3437,1286,103,103,0,636,369,267,533,266,267,103,103,0,2605,1767,838,2605,1767,838,0,0,0,1585,1404,181,1585,1404,181,0,0,0
40,"NYC-Brooklyn Community District 6--Park Slope, Carroll Gardens & Red Hook PUMA",908,427,481,908,427,481,0,0,0,908,427,481,908,427,481,0,0,0,0,0,0,0,0,0,0,0,0,0,0,0,0,0,0,0,0,0
41,Suffolk County (Central)--Islip Town (East) PUMA,258,70,188,188,0,188,70,70,0,0,0,0,0,0,0,0,0,0,188,0,188,188,0,188,0,0,0,70,70,0,0,0,0,70,70,0
42,"NYC-Brooklyn Community District 9--Crown Heights South, Prospect Lefferts & Wingate PUMA",187,105,82,187,105,82,0,0,0,187,105,82,187,105,82,0,0,0,0,0,0,0,0,0,0,0,0,0,0,0,0,0,0,0,0,0
43,"NYC-Queens Community District 7--Flushing, Murray Hill & Whitestone PUMA",4862,1826,3036,4862,1826,3036,0,0,0,1371,520,851,1371,520,851,0,0,0,3149,1030,2119,3149,1030,2119,0,0,0,342,276,66,342,276,66,0,0,0
44,NYC-Queens Community District 3--Jackson Heights & North Corona PUMA,7266,4336,2930,7145,4336,2809,121,0,121,943,203,740,943,203,740,0,0,0,4652,2800,1852,4531,2800,1731,121,0,121,1671,1333,338,1671,1333,338,0,0,0
45,Saratoga County (Outer) PUMA,294,294,0,294,294,0,0,0,0,294,294,0,294,294,0,0,0,0,0,0,0,0,0,0,0,0,0,0,0,0,0,0,0,0,0,0
46,"NYC-Bronx Community District 12--Wakefield, Williamsbridge & Woodlawn PUMA",809,738,71,809,738,71,0,0,0,75,75,0,75,75,0,0,0,0,734,663,71,734,663,71,0,0,0,0,0,0,0,0,0,0,0,0
47,"NYC-Brooklyn Community District 15--Sheepshead Bay, Gerritsen Beach & Homecrest PUMA",1286,587,699,1286,587,699,0,0,0,0,0,0,0,0,0,0,0,0,1240,541,699,1240,541,699,0,0,0,46,46,0,46,46,0,0,0,0
48,Wayne & Seneca Counties PUMA,0,0,0,0,0,0,0,0,0,0,0,0,0,0,0,0,0,0,0,0,0,0,0,0,0,0,0,0,0,0,0,0,0,0,0,0
49,Schenectady County--Schenectady City PUMA,528,288,240,528,288,240,0,0,0,86,0,86,86,0,86,0,0,0,442,288,154,442,288,154,0,0,0,0,0,0,0,0,0,0,0,0
50,NYC-Brooklyn Community District 10--Bay Ridge & Dyker Heights PUMA,1013,362,651,1013,362,651,0,0,0,344,272,72,344,272,72,0,0,0,669,90,579,669,90,579,0,0,0,0,0,0,0,0,0,0,0,0
51,Nassau County (Northwest)--North Hempstead Town (North) PUMA,980,352,628,928,352,576,52,0,52,89,0,89,89,0,89,0,0,0,591,352,239,539,352,187,52,0,52,300,0,300,300,0,300,0,0,0
52,Suffolk County (West Central)--Babylon Town (Northwest) PUMA,3489,2313,1176,3293,2313,980,196,0,196,76,0,76,0,0,0,76,0,76,2444,1784,660,2444,1784,660,0,0,0,969,529,440,849,529,320,120,0,120
53,"NYC-Manhattan Community District 4 & 5--Chelsea, Clinton & Midtown Business District PUMA",2137,1413,724,2137,1413,724,0,0,0,1144,1009,135,1144,1009,135,0,0,0,993,404,589,993,404,589,0,0,0,0,0,0,0,0,0,0,0,0
54,Columbia & Greene Counties PUMA,71,71,0,71,71,0,0,0,0,0,0,0,0,0,0,0,0,0,71,71,0,71,71,0,0,0,0,0,0,0,0,0,0,0,0,0
55,Rensselaer County--Troy City PUMA,207,151,56,207,151,56,0,0,0,56,0,56,56,0,56,0,0,0,151,151,0,151,151,0,0,0,0,0,0,0,0,0,0,0,0,0
56,Erie County (West Central)--Buffalo City (West) PUMA,484,104,380,433,104,329,51,0,51,295,104,191,295,104,191,0,0,0,121,0,121,70,0,70,51,0,51,68,0,68,68,0,68,0,0,0
57,Erie County (South) PUMA,344,0,344,344,0,344,0,0,0,344,0,344,344,0,344,0,0,0,0,0,0,0,0,0,0,0,0,0,0,0,0,0,0,0,0,0
58,Oneida County (Central)--Greater Utica & Rome Cities PUMA,131,0,131,131,0,131,0,0,0,0,0,0,0,0,0,0,0,0,131,0,131,131,0,131,0,0,0,0,0,0,0,0,0,0,0,0
59,"NYC-Manhattan Community District 12--Washington Heights, Inwood & Marble Hill PUMA",4563,2602,1961,4392,2431,1961,171,171,0,1216,962,254,1045,791,254,171,171,0,2642,1105,1537,2642,1105,1537,0,0,0,705,535,170,705,535,170,0,0,0
60,NYC-Brooklyn Community District 13--Brighton Beach & Coney Island PUMA,658,332,326,366,188,178,292,144,148,0,0,0,0,0,0,0,0,0,148,0,148,0,0,0,148,0,148,510,332,178,366,188,178,144,144,0
61,NYC-Manhattan Community District 10--Central Harlem PUMA,1174,749,425,1174,749,425,0,0,0,175,175,0,175,175,0,0,0,0,425,0,425,425,0,425,0,0,0,574,574,0,574,574,0,0,0,0
62,Nassau County (West Central)--North Hempstead Town (South) PUMA,1881,1309,572,1881,1309,572,0,0,0,736,391,345,736,391,345,0,0,0,1070,843,227,1070,843,227,0,0,0,75,75,0,75,75,0,0,0,0
63,NYC-Brooklyn Community District 16--Brownsville & Ocean Hill PUMA,1013,667,346,528,242,286,485,425,60,524,524,0,99,99,0,425,425,0,286,0,286,286,0,286,0,0,0,203,143,60,143,143,0,60,0,60
64,Albany County (East Central)--Albany City PUMA,477,287,190,477,287,190,0,0,0,0,0,0,0,0,0,0,0,0,190,0,190,190,0,190,0,0,0,287,287,0,287,287,0,0,0,0
65,Nassau County (West Central)--Hempstead Town (West Central) PUMA,1202,909,293,1202,909,293,0,0,0,396,300,96,396,300,96,0,0,0,462,265,197,462,265,197,0,0,0,344,344,0,344,344,0,0,0,0
66,Chemung (South) & Steuben (East) Counties--Greater Elmira & Greater Corning Cities PUMA,104,104,0,104,104,0,0,0,0,0,0,0,0,0,0,0,0,0,104,104,0,104,104,0,0,0,0,0,0,0,0,0,0,0,0,0
67,"NYC-Bronx Community District 3 & 6--Belmont, Crotona Park East & East Tremont PUMA",447,128,319,447,128,319,0,0,0,129,0,129,129,0,129,0,0,0,318,128,190,318,128,190,0,0,0,0,0,0,0,0,0,0,0,0
68,"NYC-Bronx Community District 5--Morris Heights, Fordham South & Mount Hope PUMA",1355,903,452,1086,695,391,269,208,61,125,0,125,125,0,125,0,0,0,1034,838,196,826,630,196,208,208,0,196,65,131,135,65,70,61,0,61
69,"NYC-Bronx Community District 8--Riverdale, Fieldston & Kingsbridge PUMA",768,582,186,768,582,186,0,0,0,535,349,186,535,349,186,0,0,0,233,233,0,233,233,0,0,0,0,0,0,0,0,0,0,0,0,0
70,Erie County (Northeast) PUMA,0,0,0,0,0,0,0,0,0,0,0,0,0,0,0,0,0,0,0,0,0,0,0,0,0,0,0,0,0,0,0,0,0,0,0,0
71,NYC-Manhattan Community District 11--East Harlem PUMA,1198,710,488,1198,710,488,0,0,0,647,159,488,647,159,488,0,0,0,470,470,0,470,470,0,0,0,0,81,81,0,81,81,0,0,0,0
72,Orange County (Southeast) PUMA,349,202,147,349,202,147,0,0,0,50,50,0,50,50,0,0,0,0,299,152,147,299,152,147,0,0,0,0,0,0,0,0,0,0,0,0
73,Westchester County (Southeast) PUMA,4009,3136,873,3874,3136,738,135,0,135,1230,702,528,1230,702,528,0,0,0,1410,1275,135,1275,1275,0,135,0,135,1369,1159,210,1369,1159,210,0,0,0
74,NYC-Queens Community District 1--Astoria & Long Island City PUMA,4644,2477,2167,3870,2030,1840,774,447,327,1591,508,1083,1393,508,885,198,0,198,2359,1386,973,1783,939,844,576,447,129,694,583,111,694,583,111,0,0,0
75,Livingston & Wyoming Counties PUMA,97,51,46,97,51,46,0,0,0,0,0,0,0,0,0,0,0,0,36,0,36,36,0,36,0,0,0,61,51,10,61,51,10,0,0,0
76,Suffolk County (Central)--Brookhaven Town (West Central) PUMA,1912,993,919,1912,993,919,0,0,0,68,0,68,68,0,68,0,0,0,1370,679,691,1370,679,691,0,0,0,474,314,160,474,314,160,0,0,0
77,Westchester County (Southwest)--Yonkers City PUMA,5852,3788,2064,5400,3707,1693,452,81,371,941,142,799,941,142,799,0,0,0,3510,2736,774,3197,2655,542,313,81,232,1401,910,491,1262,910,352,139,0,139
78,Erie County (North Central) PUMA,385,81,304,385,81,304,0,0,0,385,81,304,385,81,304,0,0,0,0,0,0,0,0,0,0,0,0,0,0,0,0,0,0,0,0,0
79,Saratoga County (South & Central) PUMA,88,0,88,88,0,88,0,0,0,88,0,88,88,0,88,0,0,0,0,0,0,0,0,0,0,0,0,0,0,0,0,0,0,0,0,0
80,Suffolk County (South Central)--Brookhaven Town (South) PUMA,3667,2501,1166,3667,2501,1166,0,0,0,380,89,291,380,89,291,0,0,0,1963,1452,511,1963,1452,511,0,0,0,1324,960,364,1324,960,364,0,0,0
81,"NYC-Staten Island Community District 3--Tottenville, Great Kills & Annadale PUMA",86,86,0,86,86,0,0,0,0,86,86,0,86,86,0,0,0,0,0,0,0,0,0,0,0,0,0,0,0,0,0,0,0,0,0,0
82,Herkimer (North & Central) & Oneida (Outer) Counties PUMA,0,0,0,0,0,0,0,0,0,0,0,0,0,0,0,0,0,0,0,0,0,0,0,0,0,0,0,0,0,0,0,0,0,0,0,0
83,Niagara County (North & East) PUMA,156,71,85,71,71,0,85,0,85,85,0,85,0,0,0,85,0,85,71,71,0,71,71,0,0,0,0,0,0,0,0,0,0,0,0,0
84,Monroe County (Central)--Rochester City (East) PUMA,771,250,521,771,250,521,0,0,0,0,0,0,0,0,0,0,0,0,493,250,243,493,250,243,0,0,0,278,0,278,278,0,278,0,0,0
85,Warren & Washington Counties PUMA,55,0,55,55,0,55,0,0,0,55,0,55,55,0,55,0,0,0,0,0,0,0,0,0,0,0,0,0,0,0,0,0,0,0,0,0
86,Nassau County (Southwest)--Hempstead Town (Southwest) & Long Beach City PUMA,1210,858,352,1210,858,352,0,0,0,630,278,352,630,278,352,0,0,0,580,580,0,580,580,0,0,0,0,0,0,0,0,0,0,0,0,0
87,NYC-Brooklyn Community District 8--Crown Heights North & Prospect Heights PUMA,320,70,250,285,70,215,35,0,35,320,70,250,285,70,215,35,0,35,0,0,0,0,0,0,0,0,0,0,0,0,0,0,0,0,0,0
88,Onondaga County (Central)--Syracuse City PUMA,865,561,304,650,561,89,215,0,215,0,0,0,0,0,0,0,0,0,865,561,304,650,561,89,215,0,215,0,0,0,0,0,0,0,0,0
89,Westchester County (Central)--White Plains City PUMA,5598,2888,2710,5598,2888,2710,0,0,0,2346,522,1824,2346,522,1824,0,0,0,2281,1395,886,2281,1395,886,0,0,0,971,971,0,971,971,0,0,0,0
90,NYC-Brooklyn Community District 3--Bedford-Stuyvesant PUMA,1109,467,642,1109,467,642,0,0,0,312,0,312,312,0,312,0,0,0,641,467,174,641,467,174,0,0,0,156,0,156,156,0,156,0,0,0
91,"NYC-Bronx Community District 1 & 2--Hunts Point, Longwood & Melrose PUMA",1346,989,357,1254,897,357,92,92,0,581,429,152,581,429,152,0,0,0,469,329,140,377,237,140,92,92,0,296,231,65,296,231,65,0,0,0
92,Cattaraugus & Allegany Counties PUMA,0,0,0,0,0,0,0,0,0,0,0,0,0,0,0,0,0,0,0,0,0,0,0,0,0,0,0,0,0,0,0,0,0,0,0,0
93,Oswego County PUMA,80,80,0,80,80,0,0,0,0,80,80,0,80,80,0,0,0,0,0,0,0,0,0,0,0,0,0,0,0,0,0,0,0,0,0,0
94,"NYC-Queens Community District 5--Ridgewood, Glendale & Middle Village PUMA",7039,4502,2537,6687,4429,2258,352,73,279,1536,739,797,1417,666,751,119,73,46,4046,2381,1665,3888,2381,1507,158,0,158,1457,1382,75,1382,1382,0,75,0,75
95,Monroe County (East) PUMA,167,0,167,167,0,167,0,0,0,83,0,83,83,0,83,0,0,0,84,0,84,84,0,84,0,0,0,0,0,0,0,0,0,0,0,0
96,Westchester County (South Central)--New Rochelle & Mount Vernon Cities PUMA,1674,749,925,1453,749,704,221,0,221,454,262,192,454,262,192,0,0,0,984,251,733,763,251,512,221,0,221,236,236,0,236,236,0,0,0,0
97,"NYC-Queens Community District 14--Far Rockaway, Breezy Point & Broad Channel PUMA",2409,1294,1115,2409,1294,1115,0,0,0,400,0,400,400,0,400,0,0,0,0,0,0,0,0,0,0,0,0,2009,1294,715,2009,1294,715,0,0,0
98,"NYC-Brooklyn Community District 12--Borough Park, Kensington & Ocean Parkway PUMA",608,476,132,608,476,132,0,0,0,44,44,0,44,44,0,0,0,0,203,71,132,203,71,132,0,0,0,361,361,0,361,361,0,0,0,0
99,"NYC-Bronx Community District 10--Co-op City, Pelham Bay & Schuylerville PUMA",73,73,0,73,73,0,0,0,0,0,0,0,0,0,0,0,0,0,0,0,0,0,0,0,0,0,0,73,73,0,73,73,0,0,0,0
100,"NYC-Queens Community District 11--Bayside, Douglaston & Little Neck PUMA",1084,289,795,1084,289,795,0,0,0,315,112,203,315,112,203,0,0,0,716,124,592,716,124,592,0,0,0,53,53,0,53,53,0,0,0,0
101,"NYC-Manhattan Community District 6--Murray Hill, Gramercy & Stuyvesant Town PUMA",2231,1814,417,2231,1814,417,0,0,0,2231,1814,417,2231,1814,417,0,0,0,0,0,0,0,0,0,0,0,0,0,0,0,0,0,0,0,0,0
102,Chautauqua County PUMA,31,0,31,31,0,31,0,0,0,31,0,31,31,0,31,0,0,0,0,0,0,0,0,0,0,0,0,0,0,0,0,0,0,0,0,0
103,NYC-Brooklyn Community District 18--Canarsie & Flatlands PUMA,1043,570,473,1043,570,473,0,0,0,395,170,225,395,170,225,0,0,0,648,400,248,648,400,248,0,0,0,0,0,0,0,0,0,0,0,0
104,Erie County (West Central)--Buffalo City (East) PUMA,155,84,71,155,84,71,0,0,0,0,0,0,0,0,0,0,0,0,84,84,0,84,84,0,0,0,0,71,0,71,71,0,71,0,0,0
105,Genesee & Orleans Counties PUMA,0,0,0,0,0,0,0,0,0,0,0,0,0,0,0,0,0,0,0,0,0,0,0,0,0,0,0,0,0,0,0,0,0,0,0,0
106,"NYC-Staten Island Community District 1--Port Richmond, Stapleton & Mariner's Harbor PUMA",2405,761,1644,2405,761,1644,0,0,0,304,0,304,304,0,304,0,0,0,1859,565,1294,1859,565,1294,0,0,0,242,196,46,242,196,46,0,0,0
107,"Steuben (North & West), Schuyler & Chemung (North) Counties PUMA",79,79,0,79,79,0,0,0,0,0,0,0,0,0,0,0,0,0,79,79,0,79,79,0,0,0,0,0,0,0,0,0,0,0,0,0
108,Nassau County (South Central)--Hempstead Town (Southeast) PUMA,881,547,334,881,547,334,0,0,0,348,260,88,348,260,88,0,0,0,533,287,246,533,287,246,0,0,0,0,0,0,0,0,0,0,0,0
109,"NYC-Bronx Community District 9--Castle Hill, Clason Point & Parkchester PUMA",2399,1132,1267,2306,1132,1174,93,0,93,312,126,186,312,126,186,0,0,0,1011,425,586,1011,425,586,0,0,0,1076,581,495,983,581,402,93,0,93
110,Suffolk County (East) PUMA,7967,5625,2342,7967,5625,2342,0,0,0,1687,1564,123,1687,1564,123,0,0,0,5525,3385,2140,5525,3385,2140,0,0,0,755,676,79,755,676,79,0,0,0
111,Orange County (Northwest) PUMA,706,437,269,706,437,269,0,0,0,0,0,0,0,0,0,0,0,0,545,333,212,545,333,212,0,0,0,161,104,57,161,104,57,0,0,0
112,Broome County (West Central)--Greater Binghamton City & Greater Johnson City Village PUMA,0,0,0,0,0,0,0,0,0,0,0,0,0,0,0,0,0,0,0,0,0,0,0,0,0,0,0,0,0,0,0,0,0,0,0,0
113,"NYC-Bronx Community District 11--Pelham Parkway, Morris Park & Laconia PUMA",1007,788,219,1007,788,219,0,0,0,413,287,126,413,287,126,0,0,0,357,264,93,357,264,93,0,0,0,237,237,0,237,237,0,0,0,0
114,Suffolk County (Northwest)--Smithtown Town PUMA,503,335,168,503,335,168,0,0,0,168,0,168,168,0,168,0,0,0,335,335,0,335,335,0,0,0,0,0,0,0,0,0,0,0,0,0
115,Ulster County (East) PUMA,574,256,318,574,256,318,0,0,0,349,68,281,349,68,281,0,0,0,147,147,0,147,147,0,0,0,0,78,41,37,78,41,37,0,0,0
116,Westchester County (Northeast) PUMA,655,333,322,655,333,322,0,0,0,443,228,215,443,228,215,0,0,0,107,0,107,107,0,107,0,0,0,105,105,0,105,105,0,0,0,0
117,NYC-Brooklyn Community District 4--Bushwick PUMA,1459,843,616,1061,460,601,398,383,15,265,0,265,265,0,265,0,0,0,302,83,219,302,83,219,0,0,0,892,760,132,494,377,117,398,383,15
118,NYC-Manhattan Community District 3--Chinatown & Lower East Side PUMA,1598,670,928,1598,670,928,0,0,0,203,0,203,203,0,203,0,0,0,1063,670,393,1063,670,393,0,0,0,332,0,332,332,0,332,0,0,0
119,Dutchess County (North & East) PUMA,1021,842,179,1021,842,179,0,0,0,131,71,60,131,71,60,0,0,0,866,747,119,866,747,119,0,0,0,24,24,0,24,24,0,0,0,0
120,Nassau County (Central)--Hempstead Town (North Central)--Meadowbrook Corridor PUMA,3197,1815,1382,3144,1762,1382,53,53,0,488,222,266,488,222,266,0,0,0,1208,506,702,1155,453,702,53,53,0,1501,1087,414,1501,1087,414,0,0,0
121,Broome (Outer West) & Tioga Counties PUMA,295,295,0,295,295,0,0,0,0,154,154,0,154,154,0,0,0,0,141,141,0,141,141,0,0,0,0,0,0,0,0,0,0,0,0,0
122,"Rockland County (South)--Orangetown, Clarkstown (South) & Ramapo (Southeast) Towns PUMA",825,784,41,825,784,41,0,0,0,41,0,41,41,0,41,0,0,0,784,784,0,784,784,0,0,0,0,0,0,0,0,0,0,0,0,0
123,"NYC-Brooklyn Community District 17--East Flatbush, Farragut & Rugby PUMA",287,250,37,287,250,37,0,0,0,0,0,0,0,0,0,0,0,0,37,0,37,37,0,37,0,0,0,250,250,0,250,250,0,0,0,0
124,Orange County (Northeast)--Greater Newburgh City PUMA,994,697,297,994,697,297,0,0,0,116,0,116,116,0,116,0,0,0,650,469,181,650,469,181,0,0,0,228,228,0,228,228,0,0,0,0
125,"NYC-Manhattan Community District 1 & 2--Battery Park City, Greenwich Village & Soho PUMA",1456,869,587,1456,869,587,0,0,0,1456,869,587,1456,869,587,0,0,0,0,0,0,0,0,0,0,0,0,0,0,0,0,0,0,0,0,0
126,NYC-Queens Community District 6--Forest Hills & Rego Park PUMA,3032,2374,658,2899,2241,658,133,133,0,1034,702,332,957,625,332,77,77,0,1998,1672,326,1942,1616,326,56,56,0,0,0,0,0,0,0,0,0,0
127,Onondaga County (North) PUMA,260,0,260,260,0,260,0,0,0,260,0,260,260,0,260,0,0,0,0,0,0,0,0,0,0,0,0,0,0,0,0,0,0,0,0,0
128,Nassau County (Northeast)--Oyster Bay Town (North) & Glen Cove City PUMA,699,393,306,699,393,306,0,0,0,260,115,145,260,115,145,0,0,0,364,203,161,364,203,161,0,0,0,75,75,0,75,75,0,0,0,0
129,Monroe County (North & West) PUMA,79,79,0,79,79,0,0,0,0,79,79,0,79,79,0,0,0,0,0,0,0,0,0,0,0,0,0,0,0,0,0,0,0,0,0,0
130,Sullivan & Ulster (West) Counties PUMA,942,847,95,942,847,95,0,0,0,151,97,54,151,97,54,0,0,0,244,203,41,244,203,41,0,0,0,547,547,0,547,547,0,0,0,0
131,Suffolk County (Southwest)--Babylon Town (Southeast) PUMA,1421,684,737,995,258,737,426,426,0,0,0,0,0,0,0,0,0,0,967,588,379,637,258,379,330,330,0,454,96,358,358,0,358,96,96,0
132,Suffolk County (Northwest)--Huntington Town (North) PUMA,1989,1302,687,1844,1157,687,145,145,0,528,528,0,452,452,0,76,76,0,1056,616,440,987,547,440,69,69,0,405,158,247,405,158,247,0,0,0
133,"NYC-Queens Community District 12--Jamaica, Hollis & St. Albans PUMA",1482,779,703,1388,685,703,94,94,0,285,135,150,285,135,150,0,0,0,1197,644,553,1103,550,553,94,94,0,0,0,0,0,0,0,0,0,0
134,"NYC-Queens Community District 13--Queens Village, Cambria Heights & Rosedale PUMA",1423,992,431,1423,992,431,0,0,0,588,510,78,588,510,78,0,0,0,788,435,353,788,435,353,0,0,0,47,47,0,47,47,0,0,0,0
135,Monroe County (Central)--Rochester City (West) PUMA,128,128,0,128,128,0,0,0,0,0,0,0,0,0,0,0,0,0,128,128,0,128,128,0,0,0,0,0,0,0,0,0,0,0,0,0
136,NYC-Queens Community District 10--Howard Beach & Ozone Park PUMA,1984,722,1262,1892,630,1262,92,92,0,432,218,214,340,126,214,92,92,0,1070,438,632,1070,438,632,0,0,0,482,66,416,482,66,416,0,0,0
137,Suffolk County (Central)--Islip Town (Northwest) PUMA,7808,5278,2530,7808,5278,2530,0,0,0,852,435,417,852,435,417,0,0,0,3657,2141,1516,3657,2141,1516,0,0,0,3299,2702,597,3299,2702,597,0,0,0
138,Putnam County PUMA,1111,925,186,1111,925,186,0,0,0,292,292,0,292,292,0,0,0,0,819,633,186,819,633,186,0,0,0,0,0,0,0,0,0,0,0,0
139,NYC-Queens Community District 2--Sunnyside & Woodside PUMA,3491,1855,1636,3224,1789,1435,267,66,201,616,166,450,531,166,365,85,0,85,2371,1252,1119,2189,1186,1003,182,66,116,504,437,67,504,437,67,0,0,0
140,Nassau County (Central)--Hempstead Town (East Central) PUMA,663,270,393,663,270,393,0,0,0,416,127,289,416,127,289,0,0,0,143,143,0,143,143,0,0,0,0,104,0,104,104,0,104,0,0,0
141,Suffolk County (Northwest)--Huntington Town (South) PUMA,1435,712,723,1097,712,385,338,0,338,302,0,302,302,0,302,0,0,0,993,572,421,655,572,83,338,0,338,140,140,0,140,140,0,0,0,0
142,"NYC-Bronx Community District 4--Concourse, Highbridge & Mount Eden PUMA",665,445,220,665,445,220,0,0,0,121,121,0,121,121,0,0,0,0,286,136,150,286,136,150,0,0,0,258,188,70,258,188,70,0,0,0
143,Nassau County (Central)--Hempstead Town (Northeast) PUMA,760,457,303,707,404,303,53,53,0,260,108,152,260,108,152,0,0,0,408,349,59,355,296,59,53,53,0,92,0,92,92,0,92,0,0,0
144,NYC-Brooklyn Community District 14--Flatbush & Midwood PUMA,1236,723,513,1236,723,513,0,0,0,290,290,0,290,290,0,0,0,0,396,96,300,396,96,300,0,0,0,550,337,213,550,337,213,0,0,0
145,"Rockland County (West)--Spring Valley, Suffern Villages & Monsey PUMA",851,389,462,851,389,462,0,0,0,81,47,34,81,47,34,0,0,0,770,342,428,770,342,428,0,0,0,0,0,0,0,0,0,0,0,0
146,Capital Region,2343,1395,948,2343,1395,948,0,0,0,798,513,285,798,513,285,0,0,0,1074,595,479,1074,595,479,0,0,0,471,287,184,471,287,184,0,0,0
147,Central NY,2082,1353,729,1867,1353,514,215,0,215,722,373,349,722,373,349,0,0,0,1151,771,380,936,771,165,215,0,215,209,209,0,209,209,0,0,0,0
148,Finger Lakes,1767,768,999,1767,768,999,0,0,0,256,79,177,256,79,177,0,0,0,912,378,534,912,378,534,0,0,0,599,311,288,599,311,288,0,0,0
149,Long Island,50265,30471,19794,48285,29680,18605,1980,791,1189,8997,4986,4011,8845,4910,3935,152,76,76,29186,17274,11912,27644,16725,10919,1542,549,993,12082,8211,3871,11796,8045,3751,286,166,120
150,Mid-Hudson,28172,18255,9917,27364,18174,9190,808,81,727,6752,2539,4213,6752,2539,4213,0,0,0,15201,10364,4837,14532,10283,4249,669,81,588,6219,5352,867,6080,5352,728,139,0,139
151,Mohawk Valley,164,11,153,164,11,153,0,0,0,15,0,15,15,0,15,0,0,0,138,0,138,138,0,138,0,0,0,11,11,0,11,11,0,0,0,0
152,New York City,105261,61401,43860,100420,58505,41915,4841,2896,1945,31089,17317,13772,29784,16376,13408,1305,941,364,53197,28757,24440,50738,27575,23163,2459,1182,1277,20975,15327,5648,19898,14554,5344,1077,773,304
153,North Country,1179,948,231,1179,948,231,0,0,0,565,565,0,565,565,0,0,0,0,614,383,231,614,383,231,0,0,0,0,0,0,0,0,0,0,0,0
154,Southern Tier,542,519,23,542,519,23,0,0,0,154,154,0,154,154,0,0,0,0,347,324,23,347,324,23,0,0,0,41,41,0,41,41,0,0,0,0
155,Western NY,2035,635,1400,1899,635,1264,136,0,136,1309,278,1031,1224,278,946,85,0,85,587,357,230,536,357,179,51,0,51,139,0,139,139,0,139,0,0,0
